200000 0
200000 -0.333147
200000 -0.333147
200000 -0.666294
200000 -0.99944
200000 -1.33259
200000 -1.66573
199999 -1.99888
199999 -2.33203
199999 -2.66517
199999 -2.99832
199998 -3.33147
199998 -3.66462
199997 -3.99776
199997 -4.33091
199997 -4.66406
199996 -4.9972
199995 -5.33035
199995 -5.6635
199994 -5.99665
199994 -6.3298
199993 -6.66294
199992 -6.99609
199992 -7.32924
199991 -7.66239
199990 -7.99554
199989 -8.32868
199988 -8.66183
199987 -8.99498
199986 -9.32813
199986 -9.66128
199985 -9.99443
199983 -10.3276
199982 -10.6607
199981 -10.9939
199980 -11.327
199979 -11.6602
199978 -11.9933
199977 -12.3265
199975 -12.6596
199974 -12.9928
199973 -13.3259
199971 -13.6591
199970 -13.9922
199968 -14.3254
199967 -14.6585
199966 -14.9917
199964 -15.3249
199962 -15.658
199961 -15.9912
199959 -16.3243
199958 -16.6575
199956 -16.9906
199954 -17.3238
199952 -17.6569
199951 -17.9901
199949 -18.3232
199947 -18.6564
199945 -18.9896
199943 -19.3227
199941 -19.6559
199939 -19.989
199937 -20.3222
199935 -20.6553
199933 -20.9885
199931 -21.3217
199929 -21.6548
199926 -21.988
199924 -22.3211
199922 -22.6543
199920 -22.9875
199917 -23.3206
199915 -23.6538
199912 -23.987
199910 -24.3201
199908 -24.6533
199905 -24.9864
199903 -25.3196
199900 -25.6528
199897 -25.9859
199895 -26.3191
199892 -26.6523
199889 -26.9854
199887 -27.3186
199884 -27.6518
199881 -27.9849
199878 -28.3181
199875 -28.6513
199872 -28.9844
199870 -29.3176
199867 -29.6508
199864 -29.984
199861 -30.3171
199857 -30.6503
199854 -30.9835
199851 -31.3167
199848 -31.6498
199845 -31.983
199842 -32.3162
199838 -32.6494
199835 -32.9825
199832 -33.3157
199828 -33.6489
199825 -33.9821
199822 -34.3152
199818 -34.6484
199815 -34.9816
199811 -35.3148
199808 -35.648
199804 -35.9811
199800 -36.3143
199797 -36.6475
199793 -36.9807
199789 -37.3139
199785 -37.6471
199782 -37.9803
199778 -38.3134
199774 -38.6466
199770 -38.9798
199766 -39.313
199762 -39.6462
199758 -39.9794
199754 -40.3126
199750 -40.6458
199746 -40.979
199742 -41.3122
199738 -41.6454
199733 -41.9786
199729 -42.3118
199725 -42.6449
199721 -42.9781
199716 -43.3113
199712 -43.6445
199708 -43.9777
199703 -44.3109
199699 -44.6441
199694 -44.9773
199690 -45.3106
199685 -45.6438
199680 -45.977
199676 -46.3102
199671 -46.6434
199666 -46.9766
199662 -47.3098
199657 -47.643
199652 -47.9762
199647 -48.3094
199642 -48.6426
199638 -48.9758
199633 -49.3091
199628 -49.6423
199623 -49.9755
199618 -50.3087
199613 -50.6419
199608 -50.9751
199602 -51.3084
199597 -51.6416
199592 -51.9748
199587 -52.308
199582 -52.6413
199576 -52.9745
199571 -53.3077
199566 -53.6409
199560 -53.9742
199555 -54.3074
199549 -54.6406
199544 -54.9738
199538 -55.3071
199533 -55.6403
199527 -55.9735
199521 -56.3068
199516 -56.64
199510 -56.9733
199504 -57.3065
199499 -57.6397
199493 -57.973
199487 -58.3062
199481 -58.6395
199475 -58.9727
199469 -59.3059
199463 -59.6392
199457 -59.9724
199451 -60.3057
199445 -60.6389
199439 -60.9722
199433 -61.3054
199427 -61.6387
199421 -61.9719
199414 -62.3052
199408 -62.6384
199402 -62.9717
199395 -63.305
199389 -63.6382
199383 -63.9715
199376 -64.3047
199370 -64.638
199363 -64.9713
199357 -65.3045
199350 -65.6378
199344 -65.9711
199337 -66.3043
199330 -66.6376
199324 -66.9709
199317 -67.3041
199310 -67.6374
199303 -67.9707
199297 -68.304
199290 -68.6373
199283 -68.9705
199276 -69.3038
199269 -69.6371
199262 -69.9704
199255 -70.3037
199248 -70.6369
199241 -70.9702
199234 -71.3035
199226 -71.6368
199219 -71.9701
199212 -72.3034
199205 -72.6367
199197 -72.97
199190 -73.3033
199183 -73.6366
199175 -73.9699
199168 -74.3032
199160 -74.6365
199153 -74.9698
199145 -75.3031
199138 -75.6364
199130 -75.9697
199123 -76.303
199115 -76.6363
199107 -76.9696
199099 -77.3029
199092 -77.6362
199084 -77.9696
199076 -78.3029
199068 -78.6362
199060 -78.9695
199052 -79.3028
199044 -79.6362
199036 -79.9695
199028 -80.3028
199020 -80.6361
199012 -80.9695
199004 -81.3028
198996 -81.6361
198988 -81.9695
198980 -82.3028
198971 -82.6361
198963 -82.9695
198955 -83.3028
198946 -83.6362
198938 -83.9695
198929 -84.3028
198921 -84.6362
198912 -84.9695
198904 -85.3029
198895 -85.6362
198887 -85.9696
198878 -86.3029
198870 -86.6363
198861 -86.9697
198852 -87.303
198843 -87.6364
198835 -87.9697
198826 -88.3031
198817 -88.6365
198808 -88.9698
198799 -89.3032
198790 -89.6366
198781 -89.9699
198772 -90.3033
198763 -90.6367
198754 -90.9701
198745 -91.3034
198736 -91.6368
198726 -91.9702
198717 -92.3036
198708 -92.637
198699 -92.9704
198689 -93.3037
198680 -93.6371
198670 -93.9705
198661 -94.3039
198652 -94.6373
198642 -94.9707
198633 -95.3041
198623 -95.6375
198613 -95.9709
198604 -96.3043
198594 -96.6377
198584 -96.9711
198575 -97.3045
198565 -97.638
198555 -97.9714
198545 -98.3048
198535 -98.6382
198526 -98.9716
198516 -99.305
198506 -99.6385
198496 -99.9719
198486 -100.305
198476 -100.639
198465 -100.972
198455 -101.306
198445 -101.639
198435 -101.972
198425 -102.306
198414 -102.639
198404 -102.973
198394 -103.306
198383 -103.64
198373 -103.973
198363 -104.307
198352 -104.64
198342 -104.973
198331 -105.307
198321 -105.64
198310 -105.974
198299 -106.307
198289 -106.641
198278 -106.974
198267 -107.308
198256 -107.641
198246 -107.975
198235 -108.308
198224 -108.642
198213 -108.975
198202 -109.309
198191 -109.642
198180 -109.976
198169 -110.309
198158 -110.642
198147 -110.976
198136 -111.309
198125 -111.643
198114 -111.976
198102 -112.31
198091 -112.643
198080 -112.977
198068 -113.31
198057 -113.644
198046 -113.977
198034 -114.311
198023 -114.645
198011 -114.978
198000 -115.312
197988 -115.645
197977 -115.979
197965 -116.312
197953 -116.646
197942 -116.979
197930 -117.313
197918 -117.646
197906 -117.98
197894 -118.313
197883 -118.647
197871 -118.98
197859 -119.314
197847 -119.647
197835 -119.981
197823 -120.315
197811 -120.648
197799 -120.982
197786 -121.315
197774 -121.649
197762 -121.982
197750 -122.316
197738 -122.649
197725 -122.983
197713 -123.317
197701 -123.65
197688 -123.984
197676 -124.317
197663 -124.651
197651 -124.984
197638 -125.318
197626 -125.652
197613 -125.985
197600 -126.319
197588 -126.652
197575 -126.986
197562 -127.32
197550 -127.653
197537 -127.987
197524 -128.32
197511 -128.654
197498 -128.988
197485 -129.321
197472 -129.655
197459 -129.988
197446 -130.322
197433 -130.656
197420 -130.989
197407 -131.323
197394 -131.657
197381 -131.99
197367 -132.324
197354 -132.658
197341 -132.991
197327 -133.325
197314 -133.658
197301 -133.992
197287 -134.326
197274 -134.659
197260 -134.993
197247 -135.327
197233 -135.66
197220 -135.994
197206 -136.328
197192 -136.661
197179 -136.995
197165 -137.329
197151 -137.662
197137 -137.996
197124 -138.33
197110 -138.663
197096 -138.997
197082 -139.331
197068 -139.664
197054 -139.998
197040 -140.332
197026 -140.666
197012 -140.999
196998 -141.333
196983 -141.667
196969 -142
196955 -142.334
196941 -142.668
196926 -143.001
196912 -143.335
196898 -143.669
196883 -144.003
196869 -144.336
196854 -144.67
196840 -145.004
196825 -145.338
196811 -145.671
196796 -146.005
196782 -146.339
196767 -146.673
196752 -147.006
196737 -147.34
196723 -147.674
196708 -148.008
196693 -148.341
196678 -148.675
196663 -149.009
196648 -149.343
196633 -149.676
196618 -150.01
196603 -150.344
196588 -150.678
196573 -151.011
196558 -151.345
196543 -151.679
196528 -152.013
196512 -152.347
196497 -152.68
196482 -153.014
196466 -153.348
196451 -153.682
196436 -154.016
196420 -154.349
196405 -154.683
196389 -155.017
196374 -155.351
196358 -155.685
196343 -156.019
196327 -156.352
196311 -156.686
196296 -157.02
196280 -157.354
196264 -157.688
196248 -158.022
196232 -158.355
196217 -158.689
196201 -159.023
196185 -159.357
196169 -159.691
196153 -160.025
196137 -160.359
196121 -160.692
196105 -161.026
196088 -161.36
196072 -161.694
196056 -162.028
196040 -162.362
196024 -162.696
196007 -163.03
195991 -163.363
195975 -163.697
195958 -164.031
195942 -164.365
195925 -164.699
195909 -165.033
195892 -165.367
195876 -165.701
195859 -166.035
195842 -166.369
195826 -166.702
195809 -167.036
195792 -167.37
195776 -167.704
195759 -168.038
195742 -168.372
195725 -168.706
195708 -169.04
195691 -169.374
195674 -169.708
195657 -170.042
195640 -170.376
195623 -170.71
195606 -171.044
195589 -171.378
195572 -171.712
195554 -172.046
195537 -172.38
195520 -172.714
195503 -173.048
195485 -173.382
195468 -173.716
195451 -174.05
195433 -174.384
195416 -174.718
195398 -175.052
195381 -175.386
195363 -175.72
195345 -176.054
195328 -176.388
195310 -176.722
195292 -177.056
195275 -177.39
195257 -177.724
195239 -178.058
195221 -178.392
195203 -178.726
195185 -179.06
195168 -179.394
195150 -179.728
195132 -180.062
195113 -180.396
195095 -180.73
195077 -181.064
195059 -181.398
195041 -181.732
195023 -182.066
195005 -182.4
194986 -182.734
194968 -183.069
194950 -183.403
194931 -183.737
194913 -184.071
194894 -184.405
194876 -184.739
194857 -185.073
194839 -185.407
194820 -185.741
194802 -186.075
194783 -186.41
194764 -186.744
194746 -187.078
194727 -187.412
194708 -187.746
194689 -188.08
194671 -188.414
194652 -188.748
194633 -189.083
194614 -189.417
194595 -189.751
194576 -190.085
194557 -190.419
194538 -190.753
194519 -191.088
194499 -191.422
194480 -191.756
194461 -192.09
194442 -192.424
194423 -192.758
194403 -193.093
194384 -193.427
194365 -193.761
194345 -194.095
194326 -194.429
194306 -194.764
194287 -195.098
194267 -195.432
194248 -195.766
194228 -196.1
194208 -196.435
194189 -196.769
194169 -197.103
194149 -197.437
194129 -197.772
194110 -198.106
194090 -198.44
194070 -198.774
194050 -199.109
194030 -199.443
194010 -199.777
193990 -200.111
193970 -200.446
193950 -200.78
193930 -201.114
193910 -201.448
193889 -201.783
193869 -202.117
193849 -202.451
193829 -202.786
193808 -203.12
193788 -203.454
193768 -203.788
193747 -204.123
193727 -204.457
193706 -204.791
193686 -205.126
193665 -205.46
193645 -205.794
193624 -206.129
193603 -206.463
193583 -206.797
193562 -207.132
193541 -207.466
193521 -207.8
193500 -208.135
193479 -208.469
193458 -208.803
193437 -209.138
193416 -209.472
193395 -209.807
193374 -210.141
193353 -210.475
193332 -210.81
193311 -211.144
193290 -211.478
193269 -211.813
193247 -212.147
193226 -212.482
193205 -212.816
193183 -213.151
193162 -213.485
193141 -213.819
193119 -214.154
193098 -214.488
193076 -214.823
193055 -215.157
193033 -215.492
193012 -215.826
192990 -216.16
192969 -216.495
192947 -216.829
192925 -217.164
192903 -217.498
192882 -217.833
192860 -218.167
192838 -218.502
192816 -218.836
192794 -219.171
192772 -219.505
192750 -219.84
192728 -220.174
192706 -220.509
192684 -220.843
192662 -221.178
192640 -221.512
192618 -221.847
192595 -222.181
192573 -222.516
192551 -222.85
192528 -223.185
192506 -223.519
192484 -223.854
192461 -224.188
192439 -224.523
192416 -224.858
192394 -225.192
192371 -225.527
192349 -225.861
192326 -226.196
192303 -226.53
192281 -226.865
192258 -227.2
192235 -227.534
192213 -227.869
192190 -228.203
192167 -228.538
192144 -228.873
192121 -229.207
192098 -229.542
192075 -229.876
192052 -230.211
192029 -230.546
192006 -230.88
191983 -231.215
191960 -231.55
191936 -231.884
191913 -232.219
191890 -232.553
191867 -232.888
191843 -233.223
191820 -233.557
191797 -233.892
191773 -234.227
191750 -234.562
191726 -234.896
191703 -235.231
191679 -235.566
191656 -235.9
191632 -236.235
191608 -236.57
191585 -236.904
191561 -237.239
191537 -237.574
191513 -237.909
191490 -238.243
191466 -238.578
191442 -238.913
191418 -239.247
191394 -239.582
191370 -239.917
191346 -240.252
191322 -240.587
191298 -240.921
191274 -241.256
191249 -241.591
191225 -241.926
191201 -242.26
191177 -242.595
191152 -242.93
191128 -243.265
191104 -243.6
191079 -243.934
191055 -244.269
191031 -244.604
191006 -244.939
190981 -245.274
190957 -245.608
190932 -245.943
190908 -246.278
190883 -246.613
190858 -246.948
190834 -247.283
190809 -247.618
190784 -247.952
190759 -248.287
190734 -248.622
190709 -248.957
190685 -249.292
190660 -249.627
190635 -249.962
190610 -250.297
190584 -250.631
190559 -250.966
190534 -251.301
190509 -251.636
190484 -251.971
190459 -252.306
190433 -252.641
190408 -252.976
190383 -253.311
190357 -253.646
190332 -253.981
190307 -254.316
190281 -254.651
190256 -254.986
190230 -255.321
190205 -255.655
190179 -255.99
190153 -256.325
190128 -256.66
190102 -256.995
190076 -257.33
190050 -257.665
190025 -258
189999 -258.335
189973 -258.67
189947 -259.005
189921 -259.34
189895 -259.675
189869 -260.011
189843 -260.346
189817 -260.681
189791 -261.016
189765 -261.351
189739 -261.686
189712 -262.021
189686 -262.356
189660 -262.691
189634 -263.026
189607 -263.361
189581 -263.696
189555 -264.031
189528 -264.366
189502 -264.701
189475 -265.037
189449 -265.372
189422 -265.707
189395 -266.042
189369 -266.377
189342 -266.712
189315 -267.047
189289 -267.382
189262 -267.718
189235 -268.053
189208 -268.388
189181 -268.723
189154 -269.058
189127 -269.393
189101 -269.729
189074 -270.064
189046 -270.399
189019 -270.734
188992 -271.069
188965 -271.405
188938 -271.74
188911 -272.075
188884 -272.41
188856 -272.745
188829 -273.081
188802 -273.416
188774 -273.751
188747 -274.086
188719 -274.422
188692 -274.757
188664 -275.092
188637 -275.427
188609 -275.763
188582 -276.098
188554 -276.433
188526 -276.768
188499 -277.104
188471 -277.439
188443 -277.774
188415 -278.11
188387 -278.445
188360 -278.78
188332 -279.116
188304 -279.451
188276 -279.786
188248 -280.122
188220 -280.457
188192 -280.792
188163 -281.128
188135 -281.463
188107 -281.798
188079 -282.134
188051 -282.469
188022 -282.804
187994 -283.14
187966 -283.475
187937 -283.811
187909 -284.146
187881 -284.481
187852 -284.817
187824 -285.152
187795 -285.488
187766 -285.823
187738 -286.159
187709 -286.494
187680 -286.829
187652 -287.165
187623 -287.5
187594 -287.836
187565 -288.171
187537 -288.507
187508 -288.842
187479 -289.178
187450 -289.513
187421 -289.849
187392 -290.184
187363 -290.52
187334 -290.855
187305 -291.191
187275 -291.526
187246 -291.862
187217 -292.197
187188 -292.533
187158 -292.868
187129 -293.204
187100 -293.539
187070 -293.875
187041 -294.211
187011 -294.546
186982 -294.882
186952 -295.217
186923 -295.553
186893 -295.888
186864 -296.224
186834 -296.56
186804 -296.895
186775 -297.231
186745 -297.566
186715 -297.902
186685 -298.238
186655 -298.573
186626 -298.909
186596 -299.245
186566 -299.58
186536 -299.916
186506 -300.252
186476 -300.587
186445 -300.923
186415 -301.259
186385 -301.594
186355 -301.93
186325 -302.266
186295 -302.601
186264 -302.937
186234 -303.273
186204 -303.609
186173 -303.944
186143 -304.28
186112 -304.616
186082 -304.951
186051 -305.287
186021 -305.623
185990 -305.959
185959 -306.295
185929 -306.63
185898 -306.966
185867 -307.302
185837 -307.638
185806 -307.973
185775 -308.309
185744 -308.645
185713 -308.981
185682 -309.317
185651 -309.652
185620 -309.988
185589 -310.324
185558 -310.66
185527 -310.996
185496 -311.332
185465 -311.668
185434 -312.003
185402 -312.339
185371 -312.675
185340 -313.011
185308 -313.347
185277 -313.683
185246 -314.019
185214 -314.355
185183 -314.691
185151 -315.026
185120 -315.362
185088 -315.698
185057 -316.034
185025 -316.37
184993 -316.706
184962 -317.042
184930 -317.378
184898 -317.714
184866 -318.05
184834 -318.386
184803 -318.722
184771 -319.058
184739 -319.394
184707 -319.73
184675 -320.066
184643 -320.402
184611 -320.738
184578 -321.074
184546 -321.41
184514 -321.746
184482 -322.082
184450 -322.418
184417 -322.754
184385 -323.09
184353 -323.426
184320 -323.762
184288 -324.098
184256 -324.435
184223 -324.771
184191 -325.107
184158 -325.443
184125 -325.779
184093 -326.115
184060 -326.451
184028 -326.787
183995 -327.123
183962 -327.46
183929 -327.796
183896 -328.132
183864 -328.468
183831 -328.804
183798 -329.14
183765 -329.477
183732 -329.813
183699 -330.149
183666 -330.485
183633 -330.821
183600 -331.158
183566 -331.494
183533 -331.83
183500 -332.166
183467 -332.502
183434 -332.839
183400 -333.175
183367 -333.511
183333 -333.847
183300 -334.184
183267 -334.52
183233 -334.856
183200 -335.193
183166 -335.529
183132 -335.865
183099 -336.201
183065 -336.538
183032 -336.874
182998 -337.21
182964 -337.547
182930 -337.883
182896 -338.219
182863 -338.556
182829 -338.892
182795 -339.228
182761 -339.565
182727 -339.901
182693 -340.238
182659 -340.574
182625 -340.91
182591 -341.247
182556 -341.583
182522 -341.92
182488 -342.256
182454 -342.592
182419 -342.929
182385 -343.265
182351 -343.602
182316 -343.938
182282 -344.275
182247 -344.611
182213 -344.948
182178 -345.284
182144 -345.621
182109 -345.957
182075 -346.293
182040 -346.63
182005 -346.967
181971 -347.303
181936 -347.64
181901 -347.976
181866 -348.313
181831 -348.649
181796 -348.986
181761 -349.322
181726 -349.659
181691 -349.995
181656 -350.332
181621 -350.669
181586 -351.005
181551 -351.342
181516 -351.678
181481 -352.015
181446 -352.352
181410 -352.688
181375 -353.025
181340 -353.361
181304 -353.698
181269 -354.035
181233 -354.371
181198 -354.708
181162 -355.045
181127 -355.381
181091 -355.718
181056 -356.055
181020 -356.391
180984 -356.728
180949 -357.065
180913 -357.402
180877 -357.738
180841 -358.075
180806 -358.412
180770 -358.748
180734 -359.085
180698 -359.422
180662 -359.759
180626 -360.096
180590 -360.432
180554 -360.769
180518 -361.106
180481 -361.443
180445 -361.779
180409 -362.116
180373 -362.453
180337 -362.79
180300 -363.127
180264 -363.464
180228 -363.8
180191 -364.137
180155 -364.474
180118 -364.811
180082 -365.148
180045 -365.485
180009 -365.822
179972 -366.159
179935 -366.495
179899 -366.832
179862 -367.169
179825 -367.506
179788 -367.843
179751 -368.18
179715 -368.517
179678 -368.854
179641 -369.191
179604 -369.528
179567 -369.865
179530 -370.202
179493 -370.539
179456 -370.876
179419 -371.213
179381 -371.55
179344 -371.887
179307 -372.224
179270 -372.561
179233 -372.898
179195 -373.235
179158 -373.572
179120 -373.909
179083 -374.246
179046 -374.583
179008 -374.92
178971 -375.257
178933 -375.594
178895 -375.931
178858 -376.269
178820 -376.606
178782 -376.943
178745 -377.28
178707 -377.617
178669 -377.954
178631 -378.291
178593 -378.628
178556 -378.966
178518 -379.303
178480 -379.64
178442 -379.977
178404 -380.314
178366 -380.652
178327 -380.989
178289 -381.326
178251 -381.663
178213 -382
178175 -382.338
178136 -382.675
178098 -383.012
178060 -383.349
178021 -383.687
177983 -384.024
177945 -384.361
177906 -384.698
177868 -385.036
177829 -385.373
177791 -385.71
177752 -386.048
177713 -386.385
177675 -386.722
177636 -387.06
177597 -387.397
177558 -387.734
177520 -388.072
177481 -388.409
177442 -388.746
177403 -389.084
177364 -389.421
177325 -389.759
177286 -390.096
177247 -390.433
177208 -390.771
177169 -391.108
177130 -391.446
177090 -391.783
177051 -392.121
177012 -392.458
176973 -392.795
176933 -393.133
176894 -393.47
176855 -393.808
176815 -394.145
176776 -394.483
176736 -394.82
176697 -395.158
176657 -395.495
176618 -395.833
176578 -396.17
176538 -396.508
176499 -396.846
176459 -397.183
176419 -397.521
176379 -397.858
176340 -398.196
176300 -398.533
176260 -398.871
176220 -399.209
176180 -399.546
176140 -399.884
176100 -400.221
176060 -400.559
176020 -400.897
175980 -401.234
175940 -401.572
175899 -401.91
175859 -402.247
175819 -402.585
175779 -402.923
175738 -403.26
175698 -403.598
175658 -403.936
175617 -404.274
175577 -404.611
175536 -404.949
175496 -405.287
175455 -405.624
175414 -405.962
175374 -406.3
175333 -406.638
175293 -406.976
175252 -407.313
175211 -407.651
175170 -407.989
175129 -408.327
175089 -408.665
175048 -409.002
175007 -409.34
174966 -409.678
174925 -410.016
174884 -410.354
174843 -410.692
174801 -411.029
174760 -411.367
174719 -411.705
174678 -412.043
174637 -412.381
174595 -412.719
174554 -413.057
174513 -413.395
174471 -413.733
174430 -414.071
174389 -414.409
174347 -414.747
174306 -415.085
174264 -415.422
174223 -415.76
174181 -416.098
174139 -416.436
174098 -416.774
174056 -417.112
174014 -417.45
173972 -417.789
173931 -418.127
173889 -418.465
173847 -418.803
173805 -419.141
173763 -419.479
173721 -419.817
173679 -420.155
173637 -420.493
173595 -420.831
173553 -421.169
173511 -421.507
173468 -421.845
173426 -422.184
173384 -422.522
173342 -422.86
173299 -423.198
173257 -423.536
173215 -423.874
173172 -424.213
173130 -424.551
173087 -424.889
173045 -425.227
173002 -425.565
172960 -425.904
172917 -426.242
172874 -426.58
172832 -426.918
172789 -427.257
172746 -427.595
172703 -427.933
172660 -428.271
172618 -428.61
172575 -428.948
172532 -429.286
172489 -429.625
172446 -429.963
172403 -430.301
172360 -430.64
172317 -430.978
172273 -431.316
172230 -431.655
172187 -431.993
172144 -432.331
172101 -432.67
172057 -433.008
172014 -433.346
171971 -433.685
171927 -434.023
171884 -434.362
171840 -434.7
171797 -435.039
171753 -435.377
171710 -435.715
171666 -436.054
171622 -436.392
171579 -436.731
171535 -437.069
171491 -437.408
171448 -437.746
171404 -438.085
171360 -438.423
171316 -438.762
171272 -439.101
171228 -439.439
171184 -439.778
171140 -440.116
171096 -440.455
171052 -440.793
171008 -441.132
170964 -441.471
170920 -441.809
170875 -442.148
170831 -442.486
170787 -442.825
170743 -443.164
170698 -443.502
170654 -443.841
170609 -444.18
170565 -444.518
170520 -444.857
170476 -445.196
170431 -445.534
170387 -445.873
170342 -446.212
170298 -446.551
170253 -446.889
170208 -447.228
170163 -447.567
170119 -447.906
170074 -448.244
170029 -448.583
169984 -448.922
169939 -449.261
169894 -449.599
169849 -449.938
169804 -450.277
169759 -450.616
169714 -450.955
169669 -451.294
169624 -451.632
169578 -451.971
169533 -452.31
169488 -452.649
169443 -452.988
169397 -453.327
169352 -453.666
169307 -454.005
169261 -454.344
169216 -454.683
169170 -455.021
169125 -455.36
169079 -455.699
169033 -456.038
168988 -456.377
168942 -456.716
168896 -457.055
168851 -457.394
168805 -457.733
168759 -458.072
168713 -458.411
168667 -458.75
168621 -459.089
168576 -459.428
168530 -459.768
168484 -460.107
168437 -460.446
168391 -460.785
168345 -461.124
168299 -461.463
168253 -461.802
168207 -462.141
168160 -462.48
168114 -462.82
168068 -463.159
168022 -463.498
167975 -463.837
167929 -464.176
167882 -464.515
167836 -464.855
167789 -465.194
167743 -465.533
167696 -465.872
167650 -466.211
167603 -466.551
167556 -466.89
167509 -467.229
167463 -467.568
167416 -467.908
167369 -468.247
167322 -468.586
167275 -468.926
167228 -469.265
167181 -469.604
167134 -469.944
167087 -470.283
167040 -470.622
166993 -470.962
166946 -471.301
166899 -471.64
166852 -471.98
166805 -472.319
166757 -472.658
166710 -472.998
166663 -473.337
166615 -473.677
166568 -474.016
166520 -474.356
166473 -474.695
166425 -475.035
166378 -475.374
166330 -475.714
166283 -476.053
166235 -476.392
166187 -476.732
166140 -477.072
166092 -477.411
166044 -477.751
165996 -478.09
165949 -478.43
165901 -478.769
165853 -479.109
165805 -479.448
165757 -479.788
165709 -480.128
165661 -480.467
165613 -480.807
165565 -481.146
165516 -481.486
165468 -481.826
165420 -482.165
165372 -482.505
165324 -482.845
165275 -483.184
165227 -483.524
165178 -483.864
165130 -484.204
165082 -484.543
165033 -484.883
164985 -485.223
164936 -485.562
164887 -485.902
164839 -486.242
164790 -486.582
164741 -486.922
164693 -487.261
164644 -487.601
164595 -487.941
164546 -488.281
164497 -488.621
164449 -488.96
164400 -489.3
164351 -489.64
164302 -489.98
164253 -490.32
164204 -490.66
164154 -491
164105 -491.34
164056 -491.68
164007 -492.019
163958 -492.359
163908 -492.699
163859 -493.039
163810 -493.379
163760 -493.719
163711 -494.059
163662 -494.399
163612 -494.739
163563 -495.079
163513 -495.419
163464 -495.759
163414 -496.099
163364 -496.439
163315 -496.779
163265 -497.119
163215 -497.46
163165 -497.8
163116 -498.14
163066 -498.48
163016 -498.82
162966 -499.16
162916 -499.5
162866 -499.84
162816 -500.181
162766 -500.521
162716 -500.861
162666 -501.201
162616 -501.541
162565 -501.881
162515 -502.222
162465 -502.562
162415 -502.902
162364 -503.242
162314 -503.583
162264 -503.923
162213 -504.263
162163 -504.603
162112 -504.944
162062 -505.284
162011 -505.624
161960 -505.965
161910 -506.305
161859 -506.645
161808 -506.986
161758 -507.326
161707 -507.666
161656 -508.007
161605 -508.347
161554 -508.687
161504 -509.028
161453 -509.368
161402 -509.709
161351 -510.049
161300 -510.39
161249 -510.73
161197 -511.071
161146 -511.411
161095 -511.751
161044 -512.092
160993 -512.432
160941 -512.773
160890 -513.114
160839 -513.454
160787 -513.795
160736 -514.135
160684 -514.476
160633 -514.816
160581 -515.157
160530 -515.497
160478 -515.838
160427 -516.179
160375 -516.519
160323 -516.86
160272 -517.201
160220 -517.541
160168 -517.882
160116 -518.223
160064 -518.563
160013 -518.904
159961 -519.245
159909 -519.585
159857 -519.926
159805 -520.267
159753 -520.608
159700 -520.948
159648 -521.289
159596 -521.63
159544 -521.971
159492 -522.311
159439 -522.652
159387 -522.993
159335 -523.334
159282 -523.675
159230 -524.015
159178 -524.356
159125 -524.697
159073 -525.038
159020 -525.379
158968 -525.72
158915 -526.061
158862 -526.402
158810 -526.743
158757 -527.084
158704 -527.424
158651 -527.765
158599 -528.106
158546 -528.447
158493 -528.788
158440 -529.129
158387 -529.47
158334 -529.811
158281 -530.152
158228 -530.493
158175 -530.834
158122 -531.175
158069 -531.517
158015 -531.858
157962 -532.199
157909 -532.54
157856 -532.881
157802 -533.222
157749 -533.563
157696 -533.904
157642 -534.245
157589 -534.587
157535 -534.928
157482 -535.269
157428 -535.61
157375 -535.951
157321 -536.293
157267 -536.634
157214 -536.975
157160 -537.316
157106 -537.657
157052 -537.999
156998 -538.34
156945 -538.681
156891 -539.023
156837 -539.364
156783 -539.705
156729 -540.046
156675 -540.388
156621 -540.729
156567 -541.071
156512 -541.412
156458 -541.753
156404 -542.095
156350 -542.436
156295 -542.777
156241 -543.119
156187 -543.46
156132 -543.802
156078 -544.143
156024 -544.485
155969 -544.826
155915 -545.168
155860 -545.509
155805 -545.851
155751 -546.192
155696 -546.534
155641 -546.875
155587 -547.217
155532 -547.558
155477 -547.9
155422 -548.241
155368 -548.583
155313 -548.925
155258 -549.266
155203 -549.608
155148 -549.949
155093 -550.291
155038 -550.633
154983 -550.974
154927 -551.316
154872 -551.658
154817 -551.999
154762 -552.341
154707 -552.683
154651 -553.024
154596 -553.366
154541 -553.708
154485 -554.05
154430 -554.391
154374 -554.733
154319 -555.075
154263 -555.417
154208 -555.759
154152 -556.1
154096 -556.442
154041 -556.784
153985 -557.126
153929 -557.468
153873 -557.81
153818 -558.152
153762 -558.493
153706 -558.835
153650 -559.177
153594 -559.519
153538 -559.861
153482 -560.203
153426 -560.545
153370 -560.887
153314 -561.229
153258 -561.571
153201 -561.913
153145 -562.255
153089 -562.597
153033 -562.939
152976 -563.281
152920 -563.623
152864 -563.965
152807 -564.307
152751 -564.649
152694 -564.991
152638 -565.334
152581 -565.676
152524 -566.018
152468 -566.36
152411 -566.702
152354 -567.044
152298 -567.386
152241 -567.729
152184 -568.071
152127 -568.413
152070 -568.755
152013 -569.098
151957 -569.44
151900 -569.782
151843 -570.124
151786 -570.467
151728 -570.809
151671 -571.151
151614 -571.493
151557 -571.836
151500 -572.178
151443 -572.52
151385 -572.863
151328 -573.205
151271 -573.548
151213 -573.89
151156 -574.232
151098 -574.575
151041 -574.917
150983 -575.26
150926 -575.602
150868 -575.944
150810 -576.287
150753 -576.629
150695 -576.972
150637 -577.314
150580 -577.657
150522 -577.999
150464 -578.342
150406 -578.684
150348 -579.027
150290 -579.37
150232 -579.712
150174 -580.055
150116 -580.397
150058 -580.74
150000 -581.083
149942 -581.425
149884 -581.768
149826 -582.11
149767 -582.453
149709 -582.796
149651 -583.138
149592 -583.481
149534 -583.824
149476 -584.167
149417 -584.509
149359 -584.852
149300 -585.195
149242 -585.538
149183 -585.88
149124 -586.223
149066 -586.566
149007 -586.909
148948 -587.252
148890 -587.594
148831 -587.937
148772 -588.28
148713 -588.623
148654 -588.966
148595 -589.309
148536 -589.652
148477 -589.995
148418 -590.338
148359 -590.68
148300 -591.023
148241 -591.366
148182 -591.709
148123 -592.052
148063 -592.395
148004 -592.738
147945 -593.081
147885 -593.424
147826 -593.767
147767 -594.11
147707 -594.453
147648 -594.797
147588 -595.14
147529 -595.483
147469 -595.826
147409 -596.169
147350 -596.512
147290 -596.855
147230 -597.198
147171 -597.542
147111 -597.885
147051 -598.228
146991 -598.571
146931 -598.914
146871 -599.258
146811 -599.601
146751 -599.944
146691 -600.287
146631 -600.631
146571 -600.974
146511 -601.317
146451 -601.66
146391 -602.004
146330 -602.347
146270 -602.69
146210 -603.034
146150 -603.377
146089 -603.721
146029 -604.064
145968 -604.407
145908 -604.751
145847 -605.094
145787 -605.438
145726 -605.781
145666 -606.124
145605 -606.468
145544 -606.811
145484 -607.155
145423 -607.498
145362 -607.842
145301 -608.185
145240 -608.529
145179 -608.873
145119 -609.216
145058 -609.56
144997 -609.903
144936 -610.247
144874 -610.59
144813 -610.934
144752 -611.278
144691 -611.621
144630 -611.965
144569 -612.309
144507 -612.652
144446 -612.996
144385 -613.34
144323 -613.683
144262 -614.027
144201 -614.371
144139 -614.715
144078 -615.058
144016 -615.402
143954 -615.746
143893 -616.09
143831 -616.434
143770 -616.777
143708 -617.121
143646 -617.465
143584 -617.809
143522 -618.153
143461 -618.497
143399 -618.841
143337 -619.185
143275 -619.528
143213 -619.872
143151 -620.216
143089 -620.56
143027 -620.904
142965 -621.248
142902 -621.592
142840 -621.936
142778 -622.28
142716 -622.624
142653 -622.968
142591 -623.312
142529 -623.656
142466 -624
142404 -624.345
142341 -624.689
142279 -625.033
142216 -625.377
142154 -625.721
142091 -626.065
142029 -626.409
141966 -626.754
141903 -627.098
141840 -627.442
141778 -627.786
141715 -628.13
141652 -628.475
141589 -628.819
141526 -629.163
141463 -629.507
141400 -629.852
141337 -630.196
141274 -630.54
141211 -630.885
141148 -631.229
141085 -631.573
141022 -631.918
140958 -632.262
140895 -632.606
140832 -632.951
140769 -633.295
140705 -633.64
140642 -633.984
140578 -634.328
140515 -634.673
140451 -635.017
140388 -635.362
140324 -635.706
140261 -636.051
140197 -636.395
140133 -636.74
140070 -637.084
140006 -637.429
139942 -637.773
139878 -638.118
139814 -638.463
139751 -638.807
139687 -639.152
139623 -639.496
139559 -639.841
139495 -640.186
139431 -640.53
139367 -640.875
139302 -641.22
139238 -641.565
139174 -641.909
139110 -642.254
139046 -642.599
138981 -642.943
138917 -643.288
138853 -643.633
138788 -643.978
138724 -644.323
138659 -644.667
138595 -645.012
138530 -645.357
138466 -645.702
138401 -646.047
138336 -646.392
138272 -646.737
138207 -647.081
138142 -647.426
138078 -647.771
138013 -648.116
137948 -648.461
137883 -648.806
137818 -649.151
137753 -649.496
137688 -649.841
137623 -650.186
137558 -650.531
137493 -650.876
137428 -651.221
137363 -651.566
137298 -651.911
137232 -652.256
137167 -652.602
137102 -652.947
137036 -653.292
136971 -653.637
136906 -653.982
136840 -654.327
136775 -654.672
136709 -655.018
136644 -655.363
136578 -655.708
136513 -656.053
136447 -656.398
136381 -656.744
136316 -657.089
136250 -657.434
136184 -657.78
136118 -658.125
136052 -658.47
135987 -658.815
135921 -659.161
135855 -659.506
135789 -659.852
135723 -660.197
135657 -660.542
135590 -660.888
135524 -661.233
135458 -661.579
135392 -661.924
135326 -662.269
135260 -662.615
135193 -662.96
135127 -663.306
135061 -663.651
134994 -663.997
134928 -664.343
134861 -664.688
134795 -665.034
134728 -665.379
134662 -665.725
134595 -666.07
134528 -666.416
134462 -666.762
134395 -667.107
134328 -667.453
134261 -667.799
134195 -668.144
134128 -668.49
134061 -668.836
133994 -669.181
133927 -669.527
133860 -669.873
133793 -670.219
133726 -670.564
133659 -670.91
133592 -671.256
133525 -671.602
133457 -671.948
133390 -672.293
133323 -672.639
133256 -672.985
133188 -673.331
133121 -673.677
133054 -674.023
132986 -674.369
132919 -674.715
132851 -675.06
132784 -675.406
132716 -675.752
132648 -676.098
132581 -676.444
132513 -676.79
132445 -677.136
132378 -677.482
132310 -677.828
132242 -678.174
132174 -678.521
132106 -678.867
132038 -679.213
131970 -679.559
131902 -679.905
131834 -680.251
131766 -680.597
131698 -680.943
131630 -681.29
131562 -681.636
131494 -681.982
131425 -682.328
131357 -682.674
131289 -683.021
131221 -683.367
131152 -683.713
131084 -684.059
131015 -684.406
130947 -684.752
130878 -685.098
130810 -685.445
130741 -685.791
130673 -686.137
130604 -686.484
130535 -686.83
130467 -687.176
130398 -687.523
130329 -687.869
130260 -688.216
130191 -688.562
130122 -688.909
130054 -689.255
129985 -689.602
129916 -689.948
129847 -690.295
129777 -690.641
129708 -690.988
129639 -691.334
129570 -691.681
129501 -692.027
129432 -692.374
129362 -692.721
129293 -693.067
129224 -693.414
129154 -693.76
129085 -694.107
129016 -694.454
128946 -694.8
128877 -695.147
128807 -695.494
128737 -695.841
128668 -696.187
128598 -696.534
128528 -696.881
128459 -697.228
128389 -697.574
128319 -697.921
128249 -698.268
128179 -698.615
128110 -698.962
128040 -699.309
127970 -699.655
127900 -700.002
127830 -700.349
127760 -700.696
127689 -701.043
127619 -701.39
127549 -701.737
127479 -702.084
127409 -702.431
127338 -702.778
127268 -703.125
127198 -703.472
127127 -703.819
127057 -704.166
126987 -704.513
126916 -704.86
126845 -705.207
126775 -705.554
126704 -705.901
126634 -706.249
126563 -706.596
126492 -706.943
126422 -707.29
126351 -707.637
126280 -707.984
126209 -708.332
126138 -708.679
126067 -709.026
125997 -709.373
125926 -709.721
125855 -710.068
125784 -710.415
125712 -710.763
125641 -711.11
125570 -711.457
125499 -711.805
125428 -712.152
125357 -712.499
125285 -712.847
125214 -713.194
125143 -713.541
125071 -713.889
125000 -714.236
124928 -714.584
124857 -714.931
124785 -715.279
124714 -715.626
124642 -715.974
124571 -716.321
124499 -716.669
124427 -717.016
124355 -717.364
124284 -717.711
124212 -718.059
124140 -718.407
124068 -718.754
123996 -719.102
123924 -719.45
123852 -719.797
123780 -720.145
123708 -720.493
123636 -720.84
123564 -721.188
123492 -721.536
123420 -721.883
123347 -722.231
123275 -722.579
123203 -722.927
123131 -723.274
123058 -723.622
122986 -723.97
122913 -724.318
122841 -724.666
122768 -725.014
122696 -725.362
122623 -725.709
122551 -726.057
122478 -726.405
122405 -726.753
122333 -727.101
122260 -727.449
122187 -727.797
122114 -728.145
122041 -728.493
121969 -728.841
121896 -729.189
121823 -729.537
121750 -729.885
121677 -730.233
121604 -730.581
121531 -730.929
121457 -731.277
121384 -731.626
121311 -731.974
121238 -732.322
121165 -732.67
121091 -733.018
121018 -733.366
120945 -733.715
120871 -734.063
120798 -734.411
120724 -734.759
120651 -735.108
120577 -735.456
120504 -735.804
120430 -736.152
120356 -736.501
120283 -736.849
120209 -737.197
120135 -737.546
120061 -737.894
119988 -738.242
119914 -738.591
119840 -738.939
119766 -739.288
119692 -739.636
119618 -739.985
119544 -740.333
119470 -740.681
119396 -741.03
119322 -741.378
119247 -741.727
119173 -742.076
119099 -742.424
119025 -742.773
118950 -743.121
118876 -743.47
118802 -743.818
118727 -744.167
118653 -744.516
118578 -744.864
118504 -745.213
118429 -745.562
118355 -745.91
118280 -746.259
118205 -746.608
118131 -746.956
118056 -747.305
117981 -747.654
117906 -748.003
117831 -748.351
117757 -748.7
117682 -749.049
117607 -749.398
117532 -749.747
117457 -750.095
117382 -750.444
117307 -750.793
117232 -751.142
117156 -751.491
117081 -751.84
117006 -752.189
116931 -752.538
116855 -752.887
116780 -753.236
116705 -753.585
116629 -753.934
116554 -754.283
116478 -754.632
116403 -754.981
116327 -755.33
116252 -755.679
116176 -756.028
116101 -756.377
116025 -756.726
115949 -757.075
115874 -757.424
115798 -757.773
115722 -758.123
115646 -758.472
115570 -758.821
115494 -759.17
115418 -759.519
115342 -759.869
115266 -760.218
115190 -760.567
115114 -760.916
115038 -761.266
114962 -761.615
114886 -761.964
114809 -762.314
114733 -762.663
114657 -763.012
114581 -763.362
114504 -763.711
114428 -764.06
114351 -764.41
114275 -764.759
114198 -765.109
114122 -765.458
114045 -765.807
113969 -766.157
113892 -766.506
113815 -766.856
113739 -767.205
113662 -767.555
113585 -767.904
113508 -768.254
113431 -768.604
113354 -768.953
113278 -769.303
113201 -769.652
113124 -770.002
113047 -770.352
112969 -770.701
112892 -771.051
112815 -771.4
112738 -771.75
112661 -772.1
112584 -772.45
112506 -772.799
112429 -773.149
112352 -773.499
112274 -773.848
112197 -774.198
112119 -774.548
112042 -774.898
111964 -775.248
111887 -775.597
111809 -775.947
111732 -776.297
111654 -776.647
111576 -776.997
111498 -777.347
111421 -777.697
111343 -778.047
111265 -778.397
111187 -778.746
111109 -779.096
111031 -779.446
110953 -779.796
110875 -780.146
110797 -780.496
110719 -780.846
110641 -781.196
110563 -781.546
110485 -781.896
110406 -782.247
110328 -782.597
110250 -782.947
110172 -783.297
110093 -783.647
110015 -783.997
109936 -784.347
109858 -784.697
109779 -785.048
109701 -785.398
109622 -785.748
109544 -786.098
109465 -786.448
109386 -786.799
109308 -787.149
109229 -787.499
109150 -787.849
109071 -788.2
108992 -788.55
108914 -788.9
108835 -789.251
108756 -789.601
108677 -789.951
108598 -790.302
108519 -790.652
108440 -791.002
108360 -791.353
108281 -791.703
108202 -792.054
108123 -792.404
108043 -792.755
107964 -793.105
107885 -793.455
107805 -793.806
107726 -794.156
107647 -794.507
107567 -794.857
107488 -795.208
107408 -795.559
107328 -795.909
107249 -796.26
107169 -796.61
107089 -796.961
107010 -797.311
106930 -797.662
106850 -798.013
106770 -798.363
106690 -798.714
106611 -799.065
106531 -799.415
106451 -799.766
106371 -800.117
106291 -800.467
106210 -800.818
106130 -801.169
106050 -801.52
105970 -801.87
105890 -802.221
105810 -802.572
105729 -802.923
105649 -803.273
105569 -803.624
105488 -803.975
105408 -804.326
105327 -804.677
105247 -805.028
105166 -805.379
105086 -805.729
105005 -806.08
104924 -806.431
104844 -806.782
104763 -807.133
104682 -807.484
104601 -807.835
104521 -808.186
104440 -808.537
104359 -808.888
104278 -809.239
104197 -809.59
104116 -809.941
104035 -810.292
103954 -810.643
103873 -810.994
103792 -811.345
103711 -811.696
103629 -812.047
103548 -812.398
103467 -812.749
103385 -813.1
103304 -813.452
103223 -813.803
103141 -814.154
103060 -814.505
102978 -814.856
102897 -815.207
102815 -815.558
102734 -815.91
102652 -816.261
102570 -816.612
102489 -816.963
102407 -817.315
102325 -817.666
102243 -818.017
102162 -818.368
102080 -818.72
101998 -819.071
101916 -819.422
101834 -819.773
101752 -820.125
101670 -820.476
101588 -820.827
101506 -821.179
101424 -821.53
101341 -821.881
101259 -822.233
101177 -822.584
101095 -822.936
101012 -823.287
100930 -823.638
100847 -823.99
100765 -824.341
100683 -824.693
100600 -825.044
100518 -825.395
100435 -825.747
100352 -826.098
100270 -826.45
100187 -826.801
100104 -827.153
100022 -827.504
99938.8 -827.856
99855.9 -828.207
99773.1 -828.559
99690.2 -828.91
99607.3 -829.262
99524.3 -829.613
99441.3 -829.965
99358.3 -830.317
99275.2 -830.668
99192.1 -831.02
99109 -831.371
99025.8 -831.723
98942.6 -832.074
98859.3 -832.426
98776.1 -832.778
98692.8 -833.129
98609.4 -833.481
98526 -833.833
98442.6 -834.184
98359.2 -834.536
98275.7 -834.887
98192.1 -835.239
98108.6 -835.591
98025 -835.942
97941.4 -836.294
97857.7 -836.646
97774 -836.997
97690.3 -837.349
97606.5 -837.701
97522.7 -838.053
97438.8 -838.404
97355 -838.756
97271.1 -839.108
97187.1 -839.459
97103.1 -839.811
97019.1 -840.163
96935.1 -840.515
96851 -840.866
96766.9 -841.218
96682.7 -841.57
96598.5 -841.922
96514.3 -842.273
96430 -842.625
96345.7 -842.977
96261.4 -843.329
96177 -843.681
96092.6 -844.032
96008.2 -844.384
95923.7 -844.736
95839.2 -845.088
95754.6 -845.44
95670.1 -845.791
95585.5 -846.143
95500.8 -846.495
95416.1 -846.847
95331.4 -847.199
95246.6 -847.551
95161.9 -847.902
95077 -848.254
94992.2 -848.606
94907.3 -848.958
94822.3 -849.31
94737.4 -849.662
94652.4 -850.013
94567.3 -850.365
94482.3 -850.717
94397.2 -851.069
94312 -851.421
94226.8 -851.773
94141.6 -852.125
94056.4 -852.476
93971.1 -852.828
93885.8 -853.18
93800.4 -853.532
93715 -853.884
93629.6 -854.236
93544.2 -854.588
93458.7 -854.939
93373.1 -855.291
93287.6 -855.643
93202 -855.995
93116.3 -856.347
93030.7 -856.699
92945 -857.051
92859.2 -857.403
92773.4 -857.754
92687.6 -858.106
92601.8 -858.458
92515.9 -858.81
92430 -859.162
92344 -859.514
92258.1 -859.866
92172 -860.217
92086 -860.569
91999.9 -860.921
91913.8 -861.273
91827.6 -861.625
91741.4 -861.977
91655.2 -862.329
91568.9 -862.68
91482.6 -863.032
91396.2 -863.384
91309.9 -863.736
91223.5 -864.088
91137 -864.44
91050.5 -864.791
90964 -865.143
90877.5 -865.495
90790.9 -865.847
90704.3 -866.199
90617.6 -866.55
90530.9 -866.902
90444.2 -867.254
90357.4 -867.606
90270.6 -867.957
90183.8 -868.309
90097 -868.661
90010.1 -869.013
89923.1 -869.365
89836.1 -869.716
89749.1 -870.068
89662.1 -870.42
89575 -870.771
89487.9 -871.123
89400.8 -871.475
89313.6 -871.827
89226.4 -872.178
89139.1 -872.53
89051.8 -872.882
88964.5 -873.233
88877.1 -873.585
88789.7 -873.936
88702.3 -874.288
88614.8 -874.64
88527.3 -874.991
88439.8 -875.343
88352.2 -875.695
88264.6 -876.046
88177 -876.398
88089.3 -876.749
88001.6 -877.101
87913.9 -877.452
87826.1 -877.804
87738.3 -878.155
87650.4 -878.507
87562.5 -878.858
87474.6 -879.21
87386.7 -879.561
87298.7 -879.913
87210.6 -880.264
87122.6 -880.615
87034.5 -880.967
86946.4 -881.318
86858.2 -881.67
86770 -882.021
86681.7 -882.372
86593.5 -882.724
86505.2 -883.075
86416.8 -883.426
86328.4 -883.777
86240 -884.129
86151.6 -884.48
86063.1 -884.831
85974.6 -885.182
85886 -885.533
85797.4 -885.885
85708.8 -886.236
85620.2 -886.587
85531.5 -886.938
85442.7 -887.289
85354 -887.64
85265.2 -887.991
85176.3 -888.342
85087.5 -888.693
84998.6 -889.044
84909.6 -889.395
84820.7 -889.746
84731.6 -890.097
84642.6 -890.448
84553.5 -890.798
84464.4 -891.149
84375.3 -891.5
84286.1 -891.851
84196.8 -892.202
84107.6 -892.552
84018.3 -892.903
83929 -893.254
83839.6 -893.604
83750.2 -893.955
83660.8 -894.305
83571.3 -894.656
83481.8 -895.007
83392.3 -895.357
83302.7 -895.707
83213.1 -896.058
83123.5 -896.408
83033.8 -896.759
82944.1 -897.109
82854.3 -897.459
82764.6 -897.81
82674.7 -898.16
82584.9 -898.51
82495 -898.86
82405.1 -899.21
82315.1 -899.56
82225.1 -899.91
82135.1 -900.26
82045 -900.61
81955 -900.96
81864.8 -901.31
81774.7 -901.66
81684.5 -902.01
81594.2 -902.36
81503.9 -902.71
81413.6 -903.059
81323.3 -903.409
81232.9 -903.759
81142.5 -904.108
81052.1 -904.458
80961.6 -904.807
80871.1 -905.157
80780.5 -905.506
80689.9 -905.856
80599.3 -906.205
80508.7 -906.554
80418 -906.903
80327.2 -907.253
80236.5 -907.602
80145.7 -907.951
80054.9 -908.3
79964 -908.649
79873.1 -908.998
79782.2 -909.347
79691.2 -909.696
79600.2 -910.044
79509.1 -910.393
79418.1 -910.742
79327 -911.09
79235.8 -911.439
79144.6 -911.787
79053.4 -912.136
78962.2 -912.484
78870.9 -912.833
78779.6 -913.181
78688.2 -913.529
78596.8 -913.877
78505.4 -914.225
78414 -914.574
78322.5 -914.921
78230.9 -915.269
78139.4 -915.617
78047.8 -915.965
77956.1 -916.313
77864.5 -916.66
77772.8 -917.008
77681 -917.356
77589.3 -917.703
77497.5 -918.05
77405.6 -918.398
77313.8 -918.745
77221.8 -919.092
77129.9 -919.439
77037.9 -919.786
76945.9 -920.133
76853.9 -920.48
76761.8 -920.827
76669.7 -921.174
76577.5 -921.52
76485.3 -921.867
76393.1 -922.213
76300.8 -922.56
76208.6 -922.906
76116.2 -923.252
76023.9 -923.599
75931.5 -923.945
75839 -924.291
75746.6 -924.637
75654.1 -924.982
75561.6 -925.328
75469 -925.674
75376.4 -926.019
75283.7 -926.365
75191.1 -926.71
75098.4 -927.056
75005.6 -927.401
74912.9 -927.746
74820 -928.091
74727.2 -928.436
74634.3 -928.78
74541.4 -929.125
74448.5 -929.47
74355.5 -929.814
74262.5 -930.159
74169.4 -930.503
74076.3 -930.847
73983.2 -931.191
73890.1 -931.535
73796.9 -931.879
73703.7 -932.223
73610.4 -932.566
73517.1 -932.91
73423.8 -933.253
73330.4 -933.597
73237 -933.94
73143.6 -934.283
73050.1 -934.626
72956.6 -934.969
72863.1 -935.311
72769.5 -935.654
72675.9 -935.996
72582.3 -936.339
72488.6 -936.681
72394.9 -937.023
72301.2 -937.365
72207.4 -937.707
72113.6 -938.048
72019.8 -938.39
71925.9 -938.731
71832 -939.073
71738.1 -939.414
71644.1 -939.755
71550.1 -940.096
71456 -940.436
71362 -940.777
71267.8 -941.117
71173.7 -941.457
71079.5 -941.798
70985.3 -942.138
70891.1 -942.477
70796.8 -942.817
70702.5 -943.156
70608.1 -943.496
70513.7 -943.835
70419.3 -944.174
70324.9 -944.513
70230.4 -944.852
70135.9 -945.19
70041.3 -945.528
69946.7 -945.867
69852.1 -946.205
69757.4 -946.542
69662.8 -946.88
69568 -947.218
69473.3 -947.555
69378.5 -947.892
69283.7 -948.229
69188.8 -948.566
69093.9 -948.902
68999 -949.239
68904 -949.575
68809 -949.911
68714 -950.247
68619 -950.582
68523.9 -950.918
68428.7 -951.253
68333.6 -951.588
68238.4 -951.923
68143.2 -952.257
68047.9 -952.592
67952.6 -952.926
67857.3 -953.26
67761.9 -953.593
67666.5 -953.927
67571.1 -954.26
67475.7 -954.593
67380.2 -954.926
67284.6 -955.259
67189.1 -955.591
67093.5 -955.923
66997.9 -956.255
66902.2 -956.587
66806.5 -956.918
66710.8 -957.249
66615 -957.58
66519.2 -957.911
66423.4 -958.241
66327.6 -958.572
66231.7 -958.901
66135.7 -959.231
66039.8 -959.561
65943.8 -959.89
65847.8 -960.219
65751.7 -960.547
65655.6 -960.876
65559.5 -961.204
65463.4 -961.531
65367.2 -961.859
65271 -962.186
65174.7 -962.513
65078.4 -962.84
64982.1 -963.166
64885.7 -963.492
64789.4 -963.818
64693 -964.143
64596.5 -964.468
64500 -964.793
64403.5 -965.118
64307 -965.442
64210.4 -965.766
64113.8 -966.089
64017.1 -966.413
63920.5 -966.735
63823.8 -967.058
63727 -967.38
63630.3 -967.702
63533.5 -968.024
63436.6 -968.345
63339.8 -968.666
63242.9 -968.986
63145.9 -969.307
63049 -969.626
62952 -969.946
62854.9 -970.265
62757.9 -970.584
62660.8 -970.902
62563.7 -971.22
62466.5 -971.537
62369.3 -971.855
62272.1 -972.171
62174.9 -972.488
62077.6 -972.804
61980.3 -973.119
61882.9 -973.435
61785.6 -973.749
61688.1 -974.064
61590.7 -974.378
61493.2 -974.691
61395.7 -975.004
61298.2 -975.317
61200.6 -975.629
61103.1 -975.941
61005.4 -976.252
60907.8 -976.563
60810.1 -976.874
60712.4 -977.184
60614.6 -977.493
60516.8 -977.802
60419 -978.111
60321.2 -978.419
60223.3 -978.726
60125.4 -979.033
60027.5 -979.34
59929.5 -979.646
59831.5 -979.952
59733.5 -980.257
59635.4 -980.562
59537.3 -980.866
59439.2 -981.169
59341.1 -981.472
59242.9 -981.775
59144.7 -982.077
59046.5 -982.378
58948.2 -982.679
58849.9 -982.979
58751.6 -983.279
58653.2 -983.578
58554.8 -983.877
58456.4 -984.175
58358 -984.472
58259.5 -984.769
58161 -985.065
58062.4 -985.361
57963.9 -985.656
57865.3 -985.951
57766.6 -986.244
57668 -986.538
57569.3 -986.83
57470.6 -987.122
57371.9 -987.413
57273.1 -987.704
57174.3 -987.994
57075.5 -988.283
56976.6 -988.572
56877.7 -988.86
56778.8 -989.147
56679.9 -989.434
56580.9 -989.719
56481.9 -990.005
56382.9 -990.289
56283.8 -990.573
56184.7 -990.856
56085.6 -991.138
55986.5 -991.42
55887.3 -991.7
55788.1 -991.98
55688.9 -992.26
55589.6 -992.538
55490.3 -992.816
55391 -993.093
55291.7 -993.369
55192.3 -993.644
55092.9 -993.918
54993.6 -993.632
54894.2 -993.344
54794.9 -993.055
54695.6 -992.766
54596.4 -992.475
54497.2 -992.184
54398 -991.892
54298.8 -991.599
54199.7 -991.304
54100.6 -991.009
54001.5 -990.713
53902.5 -990.416
53803.5 -990.118
53704.5 -989.82
53605.5 -989.52
53506.6 -989.219
53407.7 -988.917
53308.9 -988.614
53210 -988.31
53111.2 -988.005
53012.5 -987.699
52913.7 -987.393
52815 -987.085
52716.3 -986.776
52617.7 -986.466
52519.1 -986.154
52420.5 -985.842
52321.9 -985.529
52223.4 -985.215
52124.9 -984.899
52026.5 -984.583
51928 -984.265
51829.6 -983.946
51731.3 -983.627
51633 -983.306
51534.7 -982.984
51436.4 -982.66
51338.2 -982.336
51240 -982.01
51141.8 -981.684
51043.7 -981.356
50945.6 -981.027
50847.5 -980.696
50749.4 -980.365
50651.4 -980.032
50553.5 -979.698
50455.5 -979.363
50357.6 -979.027
50259.8 -978.689
50161.9 -978.35
50064.1 -978.01
49966.4 -977.669
49868.6 -977.326
49770.9 -976.982
49673.3 -976.637
49575.6 -976.29
49478 -975.942
49380.5 -975.593
49283 -975.243
49185.5 -974.891
49088 -974.537
48990.6 -974.183
48893.2 -973.827
48795.9 -973.469
48698.6 -973.111
48601.3 -972.751
48504 -972.389
48406.8 -972.026
48309.7 -971.661
48212.5 -971.296
48115.5 -970.928
48018.4 -970.559
47921.4 -970.189
47824.4 -969.817
47727.5 -969.444
47630.5 -969.069
47533.7 -968.693
47436.8 -968.315
47340.1 -967.936
47243.3 -967.555
47146.6 -967.173
47049.9 -966.789
46953.3 -966.403
46856.7 -966.016
46760.1 -965.627
46663.6 -965.237
46567.1 -964.845
46470.6 -964.451
46374.2 -964.056
46277.9 -963.659
46181.5 -963.26
46085.3 -962.86
45989 -962.458
45892.8 -962.054
45796.6 -961.649
45700.5 -961.242
45604.4 -960.833
45508.4 -960.422
45412.4 -960.01
45316.4 -959.596
45220.5 -959.18
45124.6 -958.762
45028.8 -958.343
44933 -957.921
44837.3 -957.498
44741.6 -957.073
44645.9 -956.646
44550.3 -956.218
44454.7 -955.787
44359.2 -955.354
44263.7 -954.92
44168.2 -954.484
44072.8 -954.045
43977.4 -953.605
43882.1 -953.163
43786.9 -952.719
43691.6 -952.273
43596.4 -951.825
43501.3 -951.374
43406.2 -950.922
43311.2 -950.468
43216.2 -950.012
43121.2 -949.554
43026.3 -949.093
42931.4 -948.631
42836.6 -948.166
42741.9 -947.7
42647.1 -947.231
42552.5 -946.76
42457.8 -946.287
42363.2 -945.812
42268.7 -945.334
42174.2 -944.854
42079.8 -944.373
41985.4 -943.889
41891.1 -943.402
41796.8 -942.914
41702.5 -942.423
41608.3 -941.93
41514.2 -941.434
41420.1 -940.937
41326.1 -940.437
41232.1 -939.934
41138.1 -939.43
41044.2 -938.922
40950.4 -938.413
40856.6 -937.901
40762.9 -937.387
40669.2 -936.87
40575.5 -936.351
40482 -935.829
40388.4 -935.305
40294.9 -934.779
40201.5 -934.25
40108.1 -933.718
40014.8 -933.184
39921.6 -932.648
39828.4 -932.108
39735.2 -931.567
39642.1 -931.022
39549 -930.475
39456.1 -929.926
39363.1 -929.374
39270.2 -928.819
39177.4 -928.261
39084.6 -927.701
38991.9 -927.138
38899.3 -926.573
38806.7 -926.004
38714.1 -925.433
38621.6 -924.86
38529.2 -924.283
38436.8 -923.704
38344.5 -923.122
38252.3 -922.537
38160.1 -921.949
38067.9 -921.358
37975.9 -920.765
37883.8 -920.168
37791.9 -919.569
37700 -918.967
37608.2 -918.362
37516.4 -917.754
37424.7 -917.143
37333 -916.529
37241.4 -915.912
37149.9 -915.292
37058.4 -914.669
36967 -914.043
36875.7 -913.414
36784.4 -912.781
36693.2 -912.146
36602 -911.508
36511 -910.866
36419.9 -910.222
36329 -909.574
36238.1 -908.923
36147.3 -908.269
36056.5 -907.612
35965.8 -906.951
35875.2 -906.288
35784.6 -905.621
35694.1 -904.951
35603.7 -904.277
35513.3 -903.6
35423 -902.92
35332.8 -902.237
35242.7 -901.55
35152.6 -900.86
35062.6 -900.167
34972.6 -899.47
34882.7 -898.77
34792.9 -898.066
34703.2 -897.359
34613.5 -896.649
34523.9 -895.935
34434.4 -895.217
34345 -894.496
34255.6 -893.772
34166.3 -893.044
34077 -892.313
33987.9 -891.578
33898.8 -890.839
33809.8 -890.097
33720.9 -889.351
33632 -888.602
33543.2 -887.849
33454.5 -887.092
33365.9 -886.332
33277.3 -885.568
33188.8 -884.8
33100.4 -884.029
33012.1 -883.254
32923.9 -882.475
32835.7 -881.693
32747.6 -880.907
32659.6 -880.117
32571.7 -879.323
32483.8 -878.525
32396 -877.724
32308.3 -876.919
32220.7 -876.11
32133.2 -875.297
32045.7 -874.48
31958.4 -873.659
31871.1 -872.835
31783.9 -872.006
31696.8 -871.174
31609.7 -870.338
31522.8 -869.498
31435.9 -868.653
31349.1 -867.805
31262.5 -866.953
31175.8 -866.097
31089.3 -865.237
31002.9 -864.373
30916.5 -863.505
30830.3 -862.632
30744.1 -861.756
30658 -860.876
30572 -859.991
30486.1 -859.103
30400.3 -858.21
30314.5 -857.314
30228.9 -856.413
30143.4 -855.508
30057.9 -854.599
29972.5 -853.686
29887.2 -852.768
29802.1 -851.847
29717 -850.921
29632 -849.991
29547.1 -849.057
29462.3 -848.119
29377.5 -847.176
29292.9 -846.23
29208.4 -845.279
29124 -844.323
29039.6 -843.364
28955.4 -842.4
28871.2 -841.432
28787.2 -840.46
28703.2 -839.483
28619.4 -838.503
28535.6 -837.518
28452 -836.528
28368.4 -835.534
28285 -834.536
28201.6 -833.534
28118.4 -832.527
28035.2 -831.516
27952.2 -830.501
27869.2 -829.481
27786.4 -828.457
27703.6 -827.429
27621 -826.396
27538.5 -825.359
27456 -824.318
27373.7 -823.272
27291.5 -822.222
27209.4 -821.167
27127.3 -820.108
27045.4 -819.045
26963.6 -817.977
26882 -816.905
26800.4 -815.828
26718.9 -814.748
26637.5 -813.662
26556.3 -812.573
26475.1 -811.479
26394.1 -810.38
26313.2 -809.277
26232.3 -808.17
26151.6 -807.059
26071 -805.943
25990.6 -804.822
25910.2 -803.698
25829.9 -802.568
25749.8 -801.435
25669.8 -800.297
25589.8 -799.155
25510 -798.008
25430.4 -796.857
25350.8 -795.702
25271.3 -794.542
25192 -793.378
25112.8 -792.209
25033.7 -791.036
24954.7 -789.859
24875.8 -788.678
24797.1 -787.492
24718.4 -786.302
24639.9 -785.107
24561.5 -783.908
24483.3 -782.705
24405.1 -781.498
24327.1 -780.286
24249.2 -779.07
24171.4 -777.85
24093.7 -776.625
24016.2 -775.396
23938.8 -774.163
23861.5 -772.926
23784.3 -771.684
23707.3 -770.439
23630.4 -769.189
23553.6 -767.934
23476.9 -766.676
23400.4 -765.414
23323.9 -764.147
23247.7 -762.876
23171.5 -761.601
23095.5 -760.322
23019.6 -759.039
22943.8 -757.751
22868.1 -756.46
22792.6 -755.164
22717.2 -753.865
22642 -752.561
22566.8 -751.254
22491.9 -749.942
22417 -748.627
22342.3 -747.307
22267.7 -745.984
22193.2 -744.656
22118.9 -743.325
22044.7 -741.989
21970.6 -740.65
21896.7 -739.307
21822.9 -737.96
21749.2 -736.61
21675.7 -735.255
21602.3 -733.897
21529 -732.535
21455.9 -731.169
21382.9 -729.8
21310.1 -728.426
21237.4 -727.05
21164.8 -725.669
21092.4 -724.285
21020.1 -722.897
20948 -721.506
20876 -720.111
20804.1 -718.712
20732.4 -717.31
20660.8 -715.905
20589.3 -714.496
20518 -713.083
20446.8 -711.668
20375.8 -710.248
20304.9 -708.826
20234.2 -707.4
20163.6 -705.971
20093.1 -704.538
20022.8 -703.103
19952.7 -701.664
19882.6 -700.222
19812.8 -698.776
19743 -697.328
19673.4 -695.876
19604 -694.422
19534.7 -692.964
19465.6 -691.503
19396.5 -690.039
19327.7 -688.573
19259 -687.103
19190.4 -685.631
19122 -684.155
19053.7 -682.677
18985.6 -681.196
18917.6 -679.712
18849.8 -678.226
18782.1 -676.737
18714.6 -675.245
18647.2 -673.75
18580 -672.253
18512.9 -670.753
18446 -669.251
18379.2 -667.746
18312.6 -666.239
18246.1 -664.73
18179.8 -663.217
18113.7 -661.703
18047.6 -660.186
17981.8 -658.667
17916.1 -657.146
17850.5 -655.622
17785.1 -654.097
17719.8 -652.569
17654.7 -651.039
17589.8 -649.507
17525 -647.973
17460.3 -646.437
17395.8 -644.899
17331.5 -643.359
17267.3 -641.817
17203.3 -640.273
17139.4 -638.728
17075.7 -637.18
17012.1 -635.631
16948.7 -634.08
16885.5 -632.528
16822.4 -630.974
16759.4 -629.418
16696.7 -627.861
16634 -626.303
16571.6 -624.742
16509.2 -623.181
16447.1 -621.618
16385.1 -620.054
16323.2 -618.488
16261.5 -616.921
16200 -615.353
16138.6 -613.784
16077.4 -612.213
16016.3 -610.642
15955.4 -609.069
15894.7 -607.495
15834.1 -605.921
15773.6 -604.345
15713.4 -602.768
15653.2 -601.191
15593.3 -599.613
15533.5 -598.034
15473.8 -596.454
15414.4 -594.874
15355 -593.292
15295.9 -591.711
15236.8 -590.128
15178 -588.545
15119.3 -586.962
15060.8 -585.378
15002.4 -583.793
14944.2 -582.209
14886.1 -580.624
14828.2 -579.038
14770.4 -577.452
14712.9 -575.867
14655.4 -574.28
14598.2 -572.694
14541 -571.108
14484.1 -569.521
14427.3 -567.935
14370.7 -566.348
14314.2 -564.762
14257.9 -563.176
14201.7 -561.589
14145.7 -560.003
14089.9 -558.417
14034.2 -556.832
13978.7 -555.246
13923.3 -553.661
13868.1 -552.077
13813 -550.492
13758.1 -548.909
13703.4 -547.325
13648.8 -545.742
13594.4 -544.16
13540.2 -542.578
13486.1 -540.997
13432.1 -539.417
13378.3 -537.837
13324.7 -536.258
13271.2 -534.679
13217.9 -533.102
13164.8 -531.525
13111.8 -529.95
13059 -528.375
13006.3 -526.801
12953.8 -525.228
12901.4 -523.656
12849.2 -522.085
12797.1 -520.516
12745.2 -518.947
12693.5 -517.38
12641.9 -515.813
12590.5 -514.248
12539.2 -512.685
12488.1 -511.122
12437.1 -509.561
12386.3 -508.001
12335.7 -506.443
12285.2 -504.886
12234.9 -503.331
12184.7 -501.777
12134.7 -500.225
12084.8 -498.674
12035.1 -497.125
11985.5 -495.577
11936.1 -494.031
11886.9 -492.487
11837.8 -490.944
11788.9 -489.403
11740.1 -487.865
11691.4 -486.327
11643 -484.792
11594.6 -483.259
11546.5 -481.727
11498.4 -480.197
11450.6 -478.67
11402.9 -477.144
11355.3 -475.62
11307.9 -474.099
11260.6 -472.579
11213.5 -471.062
11166.6 -469.546
11119.8 -468.033
11073.1 -466.522
11026.6 -465.014
10980.3 -463.507
10934.1 -462.003
10888 -460.501
10842.1 -459.001
10796.4 -457.504
10750.8 -456.009
10705.3 -454.516
10660 -453.026
10614.9 -451.538
10569.8 -450.053
10525 -448.57
10480.3 -447.09
10435.7 -445.612
10391.3 -444.137
10347 -442.664
10302.9 -441.194
10258.9 -439.726
10215.1 -438.261
10171.4 -436.799
10127.9 -435.34
10084.5 -433.883
10041.3 -432.429
9998.18 -430.977
9955.23 -429.529
9912.42 -428.083
9869.75 -426.64
9827.23 -425.2
9784.86 -423.762
9742.62 -422.328
9700.54 -420.896
9658.59 -419.467
9616.78 -418.041
9575.12 -416.618
9533.6 -415.198
9492.22 -413.781
9450.99 -412.367
9409.89 -410.956
9368.94 -409.547
9328.12 -408.142
9287.45 -406.74
9246.92 -405.341
9206.52 -403.945
9166.27 -402.552
9126.15 -401.162
9086.17 -399.775
9046.33 -398.392
9006.63 -397.011
8967.07 -395.634
8927.64 -394.259
8888.35 -392.888
8849.2 -391.52
8810.19 -390.155
8771.31 -388.794
8732.56 -387.435
8693.96 -386.08
8655.48 -384.728
8617.14 -383.38
8578.94 -382.034
8540.87 -380.692
8502.94 -379.353
8465.13 -378.017
8427.47 -376.685
8389.93 -375.356
8352.53 -374.03
8315.26 -372.708
8278.12 -371.389
8241.11 -370.073
8204.23 -368.76
8167.49 -367.451
8130.87 -366.145
8094.39 -364.843
8058.04 -363.544
8021.81 -362.248
7985.72 -360.956
7949.75 -359.667
7913.91 -358.381
7878.2 -357.099
7842.62 -355.82
7807.16 -354.545
7771.84 -353.273
7736.64 -352.004
7701.56 -350.739
7666.62 -349.477
7631.79 -348.219
7597.1 -346.964
7562.53 -345.712
7528.08 -344.464
7493.76 -343.22
7459.56 -341.978
7425.49 -340.741
7391.53 -339.506
7357.71 -338.275
7324 -337.048
7290.42 -335.824
7256.96 -334.603
7223.62 -333.386
7190.4 -332.173
7157.31 -330.962
7124.33 -329.756
7091.48 -328.552
7058.74 -327.352
7026.13 -326.156
6993.63 -324.963
6961.25 -323.773
6928.99 -322.587
6896.85 -321.405
6864.83 -320.226
6832.93 -319.05
6801.14 -317.878
6769.47 -316.709
6737.91 -315.543
6706.47 -314.381
6675.15 -313.223
6643.95 -312.068
6612.85 -310.916
6581.88 -309.768
6551.01 -308.623
6520.27 -307.482
6489.63 -306.344
6459.11 -305.209
6428.7 -304.078
6398.41 -302.951
6368.23 -301.826
6338.16 -300.706
6308.2 -299.588
6278.35 -298.474
6248.61 -297.364
6218.99 -296.256
6189.47 -295.153
6160.07 -294.052
6130.77 -292.955
6101.58 -291.861
6072.51 -290.771
6043.54 -289.684
6014.68 -288.601
5985.93 -287.52
5957.28 -286.443
5928.75 -285.37
5900.32 -284.3
5871.99 -283.233
5843.78 -282.169
5815.66 -281.109
5787.66 -280.052
5759.76 -278.999
5731.96 -277.949
5704.27 -276.902
5676.69 -275.858
5649.21 -274.818
5621.83 -273.781
5594.55 -272.747
5567.38 -271.716
5540.31 -270.689
5513.35 -269.665
5486.48 -268.644
5459.72 -267.627
5433.06 -266.613
5406.5 -265.602
5380.04 -264.594
5353.68 -263.589
5327.42 -262.588
5301.26 -261.59
5275.2 -260.595
5249.24 -259.603
5223.38 -258.614
5197.62 -257.629
5171.95 -256.647
5146.39 -255.667
5120.92 -254.691
5095.55 -253.719
5070.27 -252.749
5045.09 -251.782
5020.01 -250.819
4995.03 -249.858
4970.14 -248.901
4945.34 -247.947
4920.64 -246.996
4896.04 -246.048
4871.53 -245.103
4847.11 -244.161
4822.79 -243.222
4798.56 -242.286
4774.42 -241.353
4750.38 -240.423
4726.43 -239.497
4702.57 -238.573
4678.81 -237.652
4655.14 -236.734
4631.55 -235.819
4608.06 -234.908
4584.66 -233.999
4561.35 -233.093
4538.14 -232.19
4515.01 -231.29
4491.97 -230.392
4469.02 -229.498
4446.16 -228.607
4423.38 -227.718
4400.7 -226.833
4378.11 -225.95
4355.6 -225.07
4333.18 -224.193
4310.85 -223.319
4288.6 -222.448
4266.45 -221.579
4244.37 -220.713
4222.39 -219.85
4200.49 -218.99
4178.68 -218.133
4156.95 -217.279
4135.31 -216.427
4113.75 -215.578
4092.28 -214.731
4070.89 -213.888
4049.58 -213.047
4028.36 -212.209
4007.22 -211.374
3986.17 -210.541
3965.2 -209.711
3944.31 -208.884
3923.5 -208.059
3902.78 -207.237
3882.14 -206.418
3861.58 -205.601
3841.1 -204.787
3820.7 -203.976
3800.39 -203.167
3780.15 -202.361
3759.99 -201.557
3739.92 -200.756
3719.92 -199.957
3700.01 -199.161
3680.17 -198.368
3660.41 -197.577
3640.73 -196.789
3621.13 -196.003
3601.61 -195.22
3582.17 -194.439
3562.8 -193.661
3543.51 -192.885
3524.3 -192.111
3505.17 -191.341
3486.11 -190.572
3467.13 -189.806
3448.22 -189.042
3429.4 -188.281
3410.64 -187.523
3391.97 -186.766
3373.37 -186.012
3354.84 -185.261
3336.39 -184.511
3318.01 -183.764
3299.71 -183.02
3281.48 -182.278
3263.33 -181.538
3245.25 -180.8
3227.24 -180.065
3209.31 -179.332
3191.45 -178.601
3173.66 -177.873
3155.95 -177.147
3138.31 -176.423
3120.74 -175.702
3103.24 -174.982
3085.81 -174.265
3068.46 -173.55
3051.17 -172.837
3033.96 -172.127
3016.82 -171.419
2999.75 -170.712
2982.74 -170.009
2965.81 -169.307
2948.95 -168.607
2932.16 -167.91
2915.44 -167.214
2898.79 -166.521
2882.21 -165.83
2865.69 -165.141
2849.25 -164.454
2832.87 -163.769
2816.56 -163.086
2800.32 -162.405
2784.15 -161.727
2768.04 -161.05
2752.01 -160.375
2736.04 -159.703
2720.13 -159.032
2704.3 -158.364
2688.53 -157.697
2672.82 -157.032
2657.19 -156.37
2641.61 -155.709
2626.11 -155.05
2610.67 -154.394
2595.3 -153.739
2579.99 -153.086
2564.74 -152.435
2549.57 -151.786
2534.45 -151.139
2519.4 -150.493
2504.42 -149.85
2489.5 -149.209
2474.64 -148.569
2459.85 -147.931
2445.12 -147.295
2430.45 -146.661
2415.85 -146.029
2401.31 -145.398
2386.83 -144.77
2372.42 -144.143
2358.07 -143.518
2343.78 -142.895
2329.55 -142.273
2315.38 -141.653
2301.28 -141.035
2287.24 -140.419
2273.26 -139.805
2259.34 -139.192
2245.48 -138.581
2231.68 -137.971
2217.95 -137.364
2204.27 -136.758
2190.66 -136.153
2177.1 -135.551
2163.61 -134.95
2150.17 -134.351
2136.8 -133.753
2123.48 -133.157
2110.22 -132.563
2097.03 -131.97
2083.89 -131.379
2070.81 -130.789
2057.79 -130.201
2044.83 -129.615
2031.92 -129.03
2019.08 -128.447
2006.29 -127.865
1993.57 -127.285
1980.89 -126.706
1968.28 -126.129
1955.73 -125.554
1943.23 -124.98
1930.79 -124.408
1918.4 -123.837
1906.08 -123.267
1893.81 -122.699
1881.59 -122.133
1869.44 -121.568
1857.34 -121.004
1845.29 -120.442
1833.3 -119.881
1821.37 -119.322
1809.5 -118.764
1797.68 -118.208
1785.91 -117.653
1774.2 -117.099
1762.55 -116.547
1750.95 -115.996
1739.4 -115.447
1727.91 -114.899
1716.48 -114.352
1705.1 -113.807
1693.77 -113.263
1682.5 -112.72
1671.28 -112.179
1660.12 -111.639
1649.01 -111.1
1637.95 -110.563
1626.95 -110.027
1616 -109.492
1605.1 -108.958
1594.26 -108.426
1583.47 -107.895
1572.73 -107.365
1562.05 -106.837
1551.42 -106.31
1540.84 -105.784
1530.31 -105.259
1519.84 -104.736
1509.42 -104.213
1499.05 -103.692
1488.73 -103.172
1478.47 -102.654
1468.25 -102.136
1458.09 -101.62
1447.98 -101.105
1437.92 -100.591
1427.91 -100.078
1417.96 -99.5662
1408.05 -99.0556
1398.2 -98.5462
1388.39 -98.0379
1378.64 -97.5307
1368.94 -97.0247
1359.29 -96.5197
1349.68 -96.0158
1340.13 -95.513
1330.63 -95.0114
1321.18 -94.5107
1311.78 -94.0112
1302.43 -93.5127
1293.13 -93.0152
1283.87 -92.5189
1274.67 -92.0235
1265.52 -91.5292
1256.42 -91.0359
1247.36 -90.5436
1238.36 -90.0523
1229.4 -89.5621
1220.49 -89.0728
1211.63 -88.5845
1202.82 -88.0972
1194.06 -87.6109
1185.35 -87.1255
1176.69 -86.6411
1168.07 -86.1577
1159.5 -85.6752
1150.98 -85.1937
1142.51 -84.7131
1134.09 -84.2334
1125.71 -83.7546
1117.39 -83.2768
1109.11 -82.7998
1100.87 -82.3238
1092.69 -81.8486
1084.55 -81.3744
1076.46 -80.901
1068.42 -80.4285
1060.42 -79.9568
1052.47 -79.4861
1044.57 -79.0161
1036.72 -78.5471
1028.91 -78.0788
1021.15 -77.6114
1013.43 -77.1448
1005.77 -76.6791
998.145 -76.2141
990.57 -75.75
983.042 -75.2867
975.559 -74.8241
968.123 -74.3624
960.733 -73.9014
953.389 -73.4412
946.091 -72.9818
938.838 -72.5231
931.632 -72.0652
924.471 -71.6081
917.356 -71.1517
910.286 -70.696
903.262 -70.241
896.284 -69.7868
889.35 -69.3333
882.462 -68.8805
875.619 -68.4284
868.822 -67.9771
862.069 -67.5264
855.361 -67.0763
848.699 -66.627
842.081 -66.1784
835.508 -65.7304
828.979 -65.283
822.496 -64.8364
816.057 -64.3904
809.662 -63.945
803.312 -63.5002
797.007 -63.0561
790.745 -62.6126
784.528 -62.1698
778.356 -61.7275
772.227 -61.2858
766.143 -60.8448
760.102 -60.4043
754.106 -59.9645
748.153 -59.5252
742.245 -59.0864
736.38 -58.6483
730.559 -58.2107
724.781 -57.7737
719.048 -57.3372
713.357 -56.9013
707.711 -56.4659
702.108 -56.031
696.548 -55.5967
691.032 -55.1629
685.559 -54.7296
680.129 -54.2968
674.743 -53.8645
669.399 -53.4327
664.099 -53.0014
658.842 -52.5706
653.628 -52.1403
648.457 -51.7104
643.329 -51.281
638.244 -50.8521
633.201 -50.4236
628.202 -49.9956
623.245 -49.568
618.331 -49.1409
613.46 -48.7142
608.631 -48.2879
603.845 -47.862
599.101 -47.4366
594.4 -47.0115
589.741 -46.5869
585.125 -46.1626
580.551 -45.7388
576.019 -45.3153
571.53 -44.8922
567.083 -44.4695
562.679 -44.0472
558.316 -43.6252
553.996 -43.2036
549.717 -42.7823
545.481 -42.3613
541.287 -41.9407
537.135 -41.5205
533.025 -41.1005
528.957 -40.6809
524.931 -40.2616
520.947 -39.8426
517.004 -39.4239
513.104 -39.0055
509.245 -38.5874
505.428 -38.1696
501.653 -37.7521
497.919 -37.3348
494.227 -36.9178
490.577 -36.5011
486.969 -36.0846
483.402 -35.6684
479.877 -35.2524
476.393 -34.8367
472.951 -34.4212
469.55 -34.0059
466.191 -33.5909
462.874 -33.1761
459.598 -32.7614
456.363 -32.347
453.17 -31.9328
450.018 -31.5188
446.907 -31.1049
443.838 -30.6913
440.81 -30.2778
437.824 -29.8645
434.879 -29.4513
431.975 -29.0384
429.112 -28.6255
426.291 -28.2128
423.511 -27.8003
420.772 -27.3879
418.075 -26.9756
415.418 -26.5634
412.803 -26.1514
410.229 -25.7395
407.697 -25.3276
405.205 -24.9159
402.755 -24.5043
400.345 -24.0928
397.977 -23.6813
395.65 -23.2699
393.364 -22.8586
391.12 -22.4474
388.916 -22.0362
386.753 -21.6251
384.632 -21.214
382.552 -20.8029
380.513 -20.3919
378.514 -19.981
376.557 -19.57
374.641 -19.1591
372.767 -18.7482
370.933 -18.3372
369.14 -17.9263
367.389 -17.5154
365.678 -17.1045
364.009 -16.6935
362.381 -16.2826
360.794 -15.8716
359.248 -15.4605
357.743 -15.0494
356.279 -14.6383
354.856 -14.2271
353.474 -13.8159
352.134 -13.4046
350.835 -12.9932
349.576 -12.5817
348.359 -12.1702
347.184 -11.7586
346.049 -11.3468
344.955 -10.935
343.903 -10.5231
342.892 -10.111
341.922 -9.69885
340.993 -9.28655
340.106 -8.87411
339.26 -8.46154
338.455 -8.04882
337.691 -7.63595
336.969 -7.22292
336.288 -6.80973
335.649 -6.39637
334.972 -6.76922
334.336 -6.35559
333.663 -6.72844
333.032 -6.31455
332.363 -6.68742
331.736 -6.27325
331.071 -6.64613
330.448 -6.2317
329.787 -6.60459
329.168 -6.18989
328.512 -6.56279
327.897 -6.14783
327.245 -6.52073
326.635 -6.1055
325.987 -6.47842
325.381 -6.06292
324.737 -6.43585
324.135 -6.02008
323.496 -6.39302
322.898 -5.97699
322.263 -6.34993
321.67 -5.93363
321.039 -6.30658
320.45 -5.89002
319.824 -6.26298
319.236 -5.87375
318.612 -6.24671
318.029 -5.82962
317.408 -6.20259
316.751 -6.57548
316.135 -6.15803
315.482 -6.53093
314.871 -6.11321
314.222 -6.48612
313.615 -6.06813
312.971 -6.44105
312.369 -6.02279
311.729 -6.39572
311.132 -5.97719
310.497 -6.35014
309.903 -5.93134
309.273 -6.30429
308.685 -5.88523
308.059 -6.25819
307.475 -5.83885
306.854 -6.21182
306.274 -5.79222
305.658 -6.1652
305.083 -5.74533
304.472 -6.11832
303.902 -5.69817
303.295 -6.07118
302.729 -5.65076
302.127 -6.02377
301.567 -5.60309
300.969 -5.97611
300.414 -5.55516
299.821 -5.92819
299.27 -5.50696
298.682 -5.88
298.118 -5.64275
297.516 -6.01576
296.957 -5.59402
296.36 -5.96704
295.806 -5.54503
295.214 -5.91806
294.664 -5.49577
294.077 -5.86882
293.533 -5.44626
292.951 -5.81931
292.411 -5.39649
291.834 -5.76955
291.3 -5.34645
290.728 -5.71952
290.118 -6.09252
289.552 -5.66906
288.947 -6.04207
288.385 -5.61835
287.786 -5.99136
287.23 -5.56737
286.636 -5.94039
286.084 -5.51613
285.495 -5.88916
284.949 -5.46462
284.365 -5.83767
283.824 -5.41286
283.245 -5.78592
282.709 -5.36083
282.135 -5.7339
281.605 -5.30854
281.036 -5.68162
280.511 -5.25599
279.948 -5.62908
279.428 -5.20317
278.87 -5.57627
278.355 -5.15009
277.803 -5.5232
277.293 -5.09674
276.746 -5.46987
276.162 -5.84291
275.62 -5.41611
275.041 -5.78916
274.505 -5.36208
273.931 -5.73515
273.401 -5.3078
272.833 -5.68088
272.307 -5.25325
271.745 -5.62634
271.225 -5.19843
270.668 -5.57154
270.153 -5.14336
269.602 -5.51647
269.093 -5.08802
268.547 -5.46114
268.044 -5.03241
267.503 -5.40554
267.005 -4.97654
266.47 -5.34968
265.978 -4.9204
265.449 -5.29355
264.963 -4.864
264.439 -5.23716
263.878 -5.61026
263.36 -5.18035
262.804 -5.55345
262.292 -5.12327
261.742 -5.49638
261.236 -5.06592
260.692 -5.43905
260.191 -5.00831
259.653 -5.38145
259.158 -4.95044
258.626 -5.32359
258.136 -4.89229
257.61 -5.26545
257.126 -4.83389
256.606 -5.20706
256.128 -4.77521
255.613 -5.14839
255.142 -4.71627
254.633 -5.08946
254.163 -4.69773
253.656 -5.07092
253.182 -4.7406
252.67 -5.11379
252.202 -4.68085
251.697 -5.05405
251.235 -4.62084
250.735 -4.99405
250.199 -5.36719
249.705 -4.93362
249.175 -5.30678
248.687 -4.87293
248.163 -5.2461
247.682 -4.81198
247.163 -5.18515
246.688 -4.75075
246.176 -5.12394
245.707 -4.68926
245.2 -5.06246
244.738 -4.6275
244.238 -5.00071
243.781 -4.56547
243.287 -4.93869
242.837 -4.50317
242.349 -4.8764
241.905 -4.4406
241.424 -4.81384
240.905 -5.18702
240.43 -4.75087
239.918 -5.12406
239.449 -4.68763
238.943 -5.06082
238.48 -4.62412
237.981 -4.99732
237.525 -4.56034
237.031 -4.93355
236.582 -4.49628
236.095 -4.86952
235.651 -4.43196
235.171 -4.80521
234.734 -4.36737
234.26 -4.74063
233.83 -4.30251
233.362 -4.67577
232.857 -5.04897
232.396 -4.61051
231.898 -4.98372
231.444 -4.54497
230.952 -4.91819
230.504 -4.47917
230.019 -4.8524
229.577 -4.41309
229.099 -4.78633
228.664 -4.34674
228.192 -4.72
227.764 -4.28012
227.299 -4.65339
226.877 -4.21323
226.419 -4.58651
226.004 -4.14606
225.552 -4.51935
225.063 -4.89258
224.618 -4.45179
224.135 -4.82503
223.697 -4.38395
223.221 -4.7572
222.789 -4.31584
222.321 -4.6891
221.896 -4.24746
221.434 -4.62073
221.016 -4.1788
220.561 -4.55209
220.15 -4.10988
219.701 -4.48317
219.297 -4.04067
218.856 -4.41398
218.377 -4.78722
217.943 -4.34438
217.471 -4.71763
217.043 -4.2745
216.579 -4.64777
216.158 -4.20435
215.7 -4.57763
215.287 -4.13393
214.836 -4.50722
214.43 -4.06324
213.986 -4.43654
213.587 -3.99226
213.151 -4.36558
212.759 -3.92102
212.329 -4.29434
211.862 -4.66761
211.44 -4.2227
210.98 -4.59598
210.565 -4.15078
210.113 -4.52407
209.705 -4.07859
209.26 -4.45189
208.859 -4.00612
208.421 -4.37943
208.028 -3.93337
207.597 -4.3067
207.211 -3.86035
206.788 -4.23369
206.409 -3.78705
205.993 -4.1604
205.54 -4.53369
205.131 -4.08671
204.685 -4.46
204.284 -4.01274
203.845 -4.38605
203.451 -3.93849
203.02 -4.31181
202.634 -3.86397
202.21 -4.2373
201.831 -3.78917
201.415 -4.16251
201.044 -3.71409
200.635 -4.08744
200.189 -4.46074
199.788 -4.01197
199.349 -4.38528
198.955 -3.93622
198.524 -4.30954
198.138 -3.86019
197.715 -4.23353
197.337 -3.78389
196.921 -4.15723
196.55 -3.7073
196.142 -4.08066
195.779 -3.63044
195.379 -4.00381
194.941 -4.37712
194.548 -3.92655
194.118 -4.29987
193.733 -3.84901
193.311 -4.22235
192.934 -3.7712
192.52 -4.14455
192.15 -3.6931
191.744 -4.06646
191.382 -3.61473
190.983 -3.9881
190.63 -3.53608
190.239 -3.90946
189.811 -4.28279
189.428 -3.83041
189.007 -4.20375
188.632 -3.75108
188.22 -4.12443
187.852 -3.67148
187.448 -4.04484
187.089 -3.59159
186.692 -3.96496
186.341 -3.51142
185.953 -3.8848
185.61 -3.43097
185.229 -3.80437
184.811 -4.17771
184.439 -3.72352
184.029 -4.09688
183.665 -3.6424
183.264 -4.01577
182.907 -3.56099
182.514 -3.93437
182.166 -3.47931
181.781 -3.8527
181.441 -3.39734
181.064 -3.77074
180.732 -3.31509
180.364 -3.6885
179.957 -4.06186
179.597 -3.60585
179.199 -3.97923
178.847 -3.52293
178.457 -3.89631
178.113 -3.43972
177.732 -3.81312
177.396 -3.35623
177.023 -3.72964
176.696 -3.27245
176.331 -3.64587
175.929 -4.01924
175.573 -3.5617
175.18 -3.93508
174.832 -3.47725
174.447 -3.85064
174.108 -3.39252
173.731 -3.76592
173.4 -3.3075
173.032 -3.68092
172.71 -3.2222
172.35 -3.59562
171.954 -3.969
171.603 -3.50993
171.214 -3.88332
170.872 -3.42395
170.492 -3.79735
170.158 -3.33769
169.787 -3.7111
169.462 -3.25114
169.1 -3.62456
168.783 -3.16431
168.429 -3.53774
168.116 -3.13649
167.765 -3.50993
167.376 -3.88331
167.034 -3.42242
166.655 -3.79582
166.321 -3.33463
165.95 -3.70804
165.626 -3.24656
165.264 -3.61998
164.948 -3.1582
164.595 -3.53163
164.288 -3.06955
163.944 -3.44299
163.562 -3.81638
163.226 -3.35395
162.854 -3.72736
162.527 -3.26462
162.163 -3.63804
161.846 -3.17501
161.491 -3.54844
161.183 -3.08511
160.837 -3.45855
160.537 -2.99492
160.2 -3.36837
159.826 -3.74178
159.498 -3.27779
159.133 -3.65121
158.815 -3.18693
158.459 -3.56036
158.149 -3.09577
157.802 -3.46921
157.502 -3.00433
157.164 -3.37778
156.873 -2.91259
156.544 -3.28606
156.178 -3.65947
155.859 -3.19393
155.502 -3.56736
155.192 -3.10152
154.844 -3.47496
154.543 -3.00882
154.205 -3.38228
153.914 -2.91583
153.585 -3.28929
153.302 -2.82255
152.983 -3.19602
152.626 -3.56945
152.316 -3.10235
151.968 -3.47579
151.667 -3.00839
151.329 -3.38185
151.038 -2.91414
150.709 -3.28761
150.427 -2.8196
150.108 -3.19307
149.751 -3.5665
149.441 -3.09814
149.094 -3.47159
148.794 -3.00292
148.456 -3.37638
148.165 -2.90741
147.837 -3.28087
147.556 -2.8116
147.238 -3.18508
146.966 -2.7155
146.657 -3.08899
146.311 -3.46243
146.012 -2.9925
145.675 -3.36596
145.385 -2.89573
145.059 -3.26919
144.779 -2.79865
144.461 -3.17213
144.191 -2.70129
143.884 -3.07478
143.539 -3.44822
143.241 -2.97702
142.906 -3.35048
142.618 -2.87898
142.293 -3.25245
142.015 -2.78064
141.7 -3.15412
141.431 -2.68201
141.126 -3.0555
140.868 -2.58307
140.572 -2.95658
140.239 -3.33004
139.953 -2.85726
139.63 -3.23073
139.354 -2.75765
139.041 -3.13113
138.775 -2.65774
138.472 -3.03124
138.217 -2.55754
137.924 -2.93105
137.593 -3.30451
137.31 -2.83046
136.99 -3.20393
136.717 -2.72957
136.406 -3.10306
136.144 -2.62839
135.843 -3.00189
135.591 -2.52692
135.301 -2.90042
134.973 -3.27389
134.693 -2.79856
134.376 -3.17204
134.106 -2.6964
133.8 -3.06989
133.54 -2.59394
133.243 -2.96744
132.994 -2.49119
132.708 -2.8647
132.384 -3.23817
132.108 -2.76156
131.794 -3.13504
131.528 -2.65812
131.225 -3.03161
130.97 -2.55438
130.677 -2.92789
130.432 -2.45034
130.15 -2.82386
129.83 -3.19734
129.558 -2.71944
129.249 -3.09293
128.987 -2.61472
128.688 -2.98822
128.437 -2.5097
128.149 -2.88321
127.909 -2.40438
127.631 -2.7779
127.316 -3.15138
127.049 -2.67219
126.744 -3.04569
126.487 -2.56619
126.193 -2.93969
125.947 -2.45988
125.664 -2.8334
125.429 -2.35328
125.156 -2.7268
124.846 -3.10029
124.584 -2.61981
124.285 -2.99331
124.033 -2.51252
123.745 -2.88603
123.504 -2.40492
123.227 -2.77844
122.997 -2.29703
122.73 -2.67056
122.425 -3.04405
122.169 -2.56228
121.876 -2.93578
121.63 -2.45369
121.347 -2.82721
121.113 -2.34481
120.841 -2.71834
120.618 -2.23562
120.357 -2.60916
120.058 -2.98266
119.808 -2.49958
119.521 -2.87309
119.282 -2.38971
119.006 -2.76323
118.778 -2.27953
118.513 -2.65306
118.296 -2.16904
118.041 -2.54258
117.75 -2.91609
117.507 -2.43171
117.226 -2.80523
116.994 -2.32054
116.725 -2.69407
116.504 -2.20906
116.245 -2.5826
115.95 -2.95611
115.703 -2.47074
115.418 -2.84425
115.183 -2.35857
114.909 -2.7321
114.685 -2.2461
114.423 -2.61963
114.209 -2.13332
113.959 -2.50686
113.671 -2.88038
113.431 -2.3937
113.155 -2.76722
112.927 -2.28023
112.661 -2.65376
112.445 -2.16645
112.191 -2.54
111.985 -2.05237
111.743 -2.42592
111.463 -2.79944
111.232 -2.31145
110.963 -2.68498
110.743 -2.19668
110.486 -2.57022
110.278 -2.08159
110.033 -2.45515
109.75 -2.82866
109.516 -2.33968
109.245 -2.71321
109.022 -2.2239
108.762 -2.59744
108.552 -2.10782
108.304 -2.48137
108.104 -1.99142
107.868 -2.36498
107.594 -2.73851
107.369 -2.2482
107.107 -2.62174
106.894 -2.13112
106.643 -2.50467
106.442 -2.01372
106.203 -2.38728
105.927 -2.7608
105.7 -2.2695
105.436 -2.64303
105.221 -2.15141
104.968 -2.52495
104.765 -2.033
104.524 -2.40656
104.333 -1.91429
104.104 -2.28786
103.838 -2.66139
103.621 -2.16876
103.367 -2.5423
103.162 -2.04935
102.92 -2.42291
102.727 -1.92963
102.497 -2.3032
102.229 -2.67673
102.011 -2.18309
101.755 -2.55664
101.549 -2.06267
101.305 -2.43623
101.111 -1.94194
100.879 -2.31551
100.645 -2.3373
100.461 -1.84256
100.24 -2.21613
99.9807 -2.58967
99.7712 -2.09456
99.5244 -2.46812
99.3271 -1.97268
99.0925 -2.34625
98.9074 -1.85049
98.685 -2.22406
98.4253 -2.5976
98.2151 -2.10148
97.9676 -2.47504
97.7698 -1.97859
97.5346 -2.35215
97.349 -1.85538
97.1261 -2.22896
96.8659 -2.6025
96.6553 -2.10536
96.4074 -2.47891
96.2093 -1.98146
95.9738 -2.35502
95.7881 -1.85723
95.565 -2.23081
95.3917 -1.73269
95.1811 -2.10628
94.9331 -2.47983
94.735 -1.98135
94.4995 -2.35492
94.3139 -1.85611
94.0909 -2.22969
93.9178 -1.73056
93.7074 -2.10414
93.4597 -2.47769
93.2618 -1.9782
93.0267 -2.35176
92.8415 -1.85194
92.6189 -2.22552
92.4464 -1.72537
92.2365 -2.09895
91.9892 -2.4725
91.792 -1.97199
91.5575 -2.34555
91.373 -1.84471
91.1512 -2.21828
90.9795 -1.71711
90.7704 -2.0907
90.524 -2.46425
90.3277 -1.96272
90.0941 -2.33628
89.9106 -1.83442
89.6898 -2.20799
89.5193 -1.7058
89.3113 -2.07938
89.066 -2.45294
88.871 -1.95038
88.6386 -2.32394
88.4565 -1.82105
88.237 -2.19463
88.0679 -1.69141
87.8614 -2.06499
87.6175 -2.43855
87.424 -1.93496
87.1932 -2.30853
87.0127 -1.80461
86.7949 -2.17819
86.6275 -1.67394
86.4228 -2.04753
86.1806 -2.42109
85.989 -1.91647
85.76 -2.29004
85.5815 -1.78509
85.3656 -2.15867
85.2003 -1.65339
84.9976 -2.02698
84.774 -2.23598
84.601 -1.73028
84.3906 -2.10387
84.2308 -1.59784
84.0336 -1.97143
83.7991 -2.345
83.6153 -1.8386
83.3941 -2.21218
83.2235 -1.70545
83.0156 -2.07903
82.8584 -1.57197
82.6639 -1.94556
82.432 -2.31913
82.2508 -1.8117
82.0323 -2.18528
81.8645 -1.67752
81.6594 -2.0511
81.5051 -1.543
81.3134 -1.9166
81.0844 -2.29017
80.9062 -1.7817
80.6907 -2.15529
80.5261 -1.64648
80.3241 -2.02007
80.173 -1.51094
79.9845 -1.88454
79.7587 -2.25811
79.5838 -1.7486
79.3716 -2.12219
79.2104 -1.61234
79.0118 -1.98594
78.8642 -1.47576
78.6793 -1.84936
78.457 -2.22294
78.2857 -1.71239
78.0772 -2.08597
77.9196 -1.57509
77.7248 -1.94869
77.581 -1.43747
77.3999 -1.81107
77.1815 -2.18465
77.0141 -1.67306
76.8095 -2.04665
76.656 -1.53472
76.4652 -1.90832
76.3256 -1.39605
76.1486 -1.76966
75.9343 -2.14324
75.7712 -1.6306
75.5708 -2.0042
75.4217 -1.49122
75.2352 -1.86482
75.1001 -1.35151
74.9275 -1.72512
74.7177 -2.0987
74.5592 -1.58502
74.3633 -1.95861
74.2188 -1.44459
74.037 -1.81819
73.8179 -2.19177
73.6501 -1.67738
73.445 -2.05097
73.2914 -1.53623
73.1004 -1.90983
72.9609 -1.39476
72.7841 -1.76836
72.5699 -2.14195
72.4073 -1.6265
72.2072 -2.00009
72.0588 -1.4843
71.873 -1.85791
71.7388 -1.34178
71.5673 -1.71539
71.3584 -2.08898
71.2012 -1.57247
71.0066 -1.94607
70.8636 -1.42923
70.6833 -1.80284
70.5548 -1.28565
70.3889 -1.65926
70.1856 -2.03286
70.034 -1.5153
69.8452 -1.8889
69.7081 -1.371
69.6228 -0.85278
69.5001 -1.22641
69.3401 -1.60003
69.1428 -1.97363
68.9972 -1.45537
68.8143 -1.82897
68.6833 -1.31037
68.5149 -1.68398
68.3091 -2.05757
68.1553 -1.53859
67.9641 -1.91219
67.8248 -1.39287
67.6481 -1.76648
67.5234 -1.24681
67.3614 -1.62043
67.162 -1.99402
67.0146 -1.47398
66.8298 -1.84759
66.6971 -1.3272
66.527 -1.70081
66.3808 -1.46264
66.1972 -1.83624
66.0656 -1.31526
65.8967 -1.68887
65.7474 -1.49343
65.5607 -1.86703
65.4262 -1.34546
65.2542 -1.71907
65.1345 -1.19716
64.9775 -1.57078
64.783 -1.94437
64.6408 -1.42208
64.4612 -1.79569
64.3339 -1.27305
64.1693 -1.64667
63.9672 -2.02026
63.8175 -1.49724
63.6304 -1.87085
63.4957 -1.34749
63.3236 -1.7211
63.2038 -1.19739
63.0467 -1.57101
62.8523 -1.94461
62.7102 -1.42052
62.5308 -1.79413
62.4038 -1.2697
62.2395 -1.64331
62.1276 -1.11853
61.9784 -1.49216
61.7919 -1.86576
61.6578 -1.3406
61.4864 -1.71422
61.3675 -1.18871
61.2113 -1.56233
61.0177 -1.93593
60.8767 -1.41004
60.6983 -1.78365
60.5726 -1.25742
60.4095 -1.63104
60.299 -1.10445
60.1512 -1.47808
59.966 -1.85168
59.8336 -1.32472
59.6637 -1.69833
59.5466 -1.17102
59.3922 -1.54464
59.2003 -1.91824
59.0613 -1.39055
58.8849 -1.76416
58.7613 -1.23612
58.6003 -1.60974
58.4922 -1.08135
58.3467 -1.45497
58.1638 -1.82858
58.0338 -1.29981
57.8665 -1.67342
57.752 -1.1443
57.6003 -1.51792
57.4111 -1.89153
57.2749 -1.36202
57.1013 -1.73564
56.9808 -1.20578
56.8228 -1.5794
56.7179 -1.04919
56.5756 -1.42282
56.396 -1.79643
56.2694 -1.26584
56.1054 -1.63946
55.9946 -1.10852
55.8464 -1.48214
55.6608 -1.85575
55.5284 -1.32442
55.3586 -1.69804
55.2419 -1.16636
55.0879 -1.53998
54.9871 -1.00795
54.849 -1.38158
54.6734 -1.7552
54.5512 -1.22278
54.3915 -1.5964
54.2852 -1.06364
54.1414 -1.43726
53.9604 -1.81087
53.8326 -1.27772
53.6674 -1.65134
53.5557 -1.11784
53.4065 -1.49146
53.3108 -0.957601
53.1776 -1.33123
53.0071 -1.70485
52.8901 -1.17061
52.7357 -1.54423
52.6347 -1.00963
52.4964 -1.38326
52.3207 -1.75687
52.1985 -1.22189
52.0389 -1.59551
51.9329 -1.06017
51.7896 -1.4338
51.6577 -1.31806
51.4886 -1.69168
51.373 -1.15577
51.2201 -1.52939
51.1207 -0.993121
50.9841 -1.36675
50.81 -1.74037
50.6897 -1.20371
50.5319 -1.57733
50.4279 -1.04032
50.2865 -1.41395
50.1988 -0.876578
50.0738 -1.25022
49.9114 -1.62384
49.8028 -1.08608
49.6569 -1.45971
49.5647 -0.921591
49.4352 -1.29523
49.2683 -1.66884
49.1553 -1.13034
49.0049 -1.50397
48.9084 -0.965108
48.7745 -1.33874
48.6032 -1.71236
48.4859 -1.17311
48.3313 -1.54673
48.2305 -1.00713
48.0925 -1.38076
48.0084 -0.84079
47.8869 -1.21443
47.7281 -1.58805
47.6234 -1.0477
47.4812 -1.42133
47.3932 -0.880611
47.2678 -1.25425
47.105 -1.62787
46.9963 -1.08677
46.8503 -1.46039
46.7584 -0.91893
46.6291 -1.29257
46.4625 -1.66618
46.3501 -1.12433
46.2003 -1.49796
46.1047 -0.955744
45.9717 -1.32938
45.8526 -1.19101
45.6962 -1.56463
45.594 -1.02183
45.4544 -1.39546
45.3692 -0.852297
45.2466 -1.22594
45.0867 -1.59956
44.9811 -1.056
44.8381 -1.42963
44.7495 -0.885715
44.6236 -1.25935
44.4603 -1.63297
44.3514 -1.08867
44.2052 -1.46229
44.1134 -0.917622
43.9843 -1.29126
43.8518 -1.32497
43.7738 -0.779789
43.6585 -1.15343
43.5058 -1.52706
43.4076 -0.981488
43.2721 -1.35512
43.1912 -0.809187
43.0729 -1.18283
42.9173 -1.55645
42.8163 -1.01013
42.6779 -1.38376
42.5942 -0.837069
42.4731 -1.21071
42.3147 -1.58433
42.211 -1.03725
42.0699 -1.41088
41.9835 -0.863433
41.8598 -1.23707
41.6988 -1.61069
41.5925 -1.06285
41.4488 -1.43648
41.36 -0.888276
41.2338 -1.26191
41.1625 -0.713337
41.0538 -1.08698
40.9077 -1.46061
40.8165 -0.911643
40.688 -1.28528
40.6144 -0.735943
40.5035 -1.10959
40.3551 -1.48322
40.2618 -0.933487
40.1311 -1.30712
40.0554 -0.757024
39.9423 -1.13067
39.7919 -1.5043
39.6965 -0.953803
39.5638 -1.32744
39.4861 -0.776577
39.3711 -1.15022
39.2187 -1.52385
39.1214 -0.972592
38.9868 -1.34623
38.9074 -0.794601
38.7905 -1.16824
38.6363 -1.54187
38.5374 -0.989849
38.401 -1.36348
38.3199 -0.811092
38.2014 -1.18473
38.0615 -1.39899
37.9769 -0.846146
37.8549 -1.21979
37.7883 -0.666572
37.6843 -1.04022
37.5429 -1.41385
37.4568 -0.860242
37.3335 -1.23388
37.2655 -0.6799
37.1601 -1.05355
37.0174 -1.42718
36.9301 -0.872801
36.8055 -1.24644
36.7363 -0.69169
36.6298 -1.06534
36.4859 -1.43897
36.3975 -0.883821
36.2717 -1.25746
36.2015 -0.701939
36.094 -1.07559
35.9491 -1.44922
35.8597 -0.893299
35.733 -1.26694
35.662 -0.710646
35.5535 -1.08429
35.4078 -1.45792
35.3176 -0.901233
35.1901 -1.27487
35.1184 -0.717807
35.0092 -1.09145
34.8627 -1.46508
34.7719 -0.907621
34.6438 -1.28126
34.5715 -0.723422
34.4618 -1.09707
34.3147 -1.4707
34.2235 -0.912461
34.0948 -1.2861
34.0221 -0.727487
33.912 -1.10113
33.7645 -1.47476
33.6729 -0.91575
33.544 -1.28939
33.471 -0.73
33.3606 -1.10365
33.2738 -0.868065
33.1497 -1.24171
33.0815 -0.681678
32.976 -1.05532
32.8331 -1.42896
32.7462 -0.868529
32.622 -1.24217
32.5539 -0.681363
32.4484 -1.05501
32.3055 -1.42864
32.2187 -0.867436
32.0946 -1.24108
32.0267 -0.679491
31.9214 -1.05314
31.7787 -1.42677
31.6922 -0.864784
31.5684 -1.23843
31.5008 -0.676059
31.3958 -1.04971
31.2535 -1.42334
31.1674 -0.860571
31.044 -1.23421
30.9769 -0.671064
30.8724 -1.04471
30.7306 -1.41835
30.6451 -0.854795
30.5222 -1.22844
30.4558 -0.664505
30.352 -1.03815
30.2108 -1.41179
30.1261 -0.847452
30.004 -1.22109
29.9383 -0.656379
29.8353 -1.03003
29.6949 -1.40366
29.6111 -0.838542
29.4899 -1.21218
29.4252 -0.646683
29.3232 -1.02033
29.1838 -1.39397
29.101 -0.828062
28.9808 -1.2017
28.9173 -0.635416
28.8163 -1.00907
28.6781 -1.3827
28.5965 -0.816009
28.4775 -1.18965
28.4153 -0.622576
28.3156 -0.996226
28.1786 -1.36986
28.0984 -0.802381
27.9808 -1.17602
27.92 -0.608159
27.8218 -0.98181
27.6863 -1.35545
27.6075 -0.787175
27.4915 -1.16082
27.4322 -0.592164
27.3357 -0.965815
27.2017 -1.33945
27.1247 -0.770391
27.0103 -1.14404
26.9528 -0.574588
26.858 -0.94824
26.7258 -1.32188
26.6506 -0.752024
26.538 -1.12567
26.4825 -0.555429
26.3896 -0.929081
26.2593 -1.30272
26.1861 -0.732073
26.0755 -1.10572
26.0221 -0.534684
25.9312 -0.908337
25.803 -1.28198
25.732 -0.710535
25.6236 -1.08418
25.5723 -0.512352
25.4837 -0.886005
25.3578 -1.25965
25.289 -0.687407
25.1829 -1.06106
25.1341 -0.488428
25.0479 -0.862082
24.9243 -1.23572
24.858 -0.662688
24.7544 -1.03634
24.7081 -0.462912
24.6244 -0.836566
24.5034 -1.21021
24.4398 -0.636375
24.3388 -1.01003
24.2952 -0.4358
24.2143 -0.809455
24.0959 -1.1831
24.0351 -0.608465
23.9369 -0.982116
23.8962 -0.407089
23.8181 -0.780745
23.7027 -1.15439
23.6448 -0.578955
23.5495 -0.952607
23.5118 -0.376778
23.4368 -0.750435
23.3244 -1.12408
23.2696 -0.547843
23.1774 -0.921496
23.118 -0.594431
23.0212 -0.968083
22.9821 -0.391152
22.9056 -0.764808
22.7918 -1.13845
22.7356 -0.561112
22.6422 -0.934765
22.6065 -0.357029
22.5334 -0.730686
22.423 -1.10433
22.3703 -0.526185
22.2804 -0.899839
22.1812 -0.991796
22.1399 -0.41313
22.0612 -0.786786
21.9451 -1.16043
21.887 -0.581352
21.7915 -0.955005
21.754 -0.37553
21.679 -0.749187
21.5668 -1.12283
21.5125 -0.542947
21.4208 -0.9166
21.3872 -0.336316
21.3162 -0.709974
21.2078 -1.08362
21.1575 -0.502925
21.0699 -0.87658
20.9617 -1.08109
20.9118 -0.499914
20.8244 -0.873568
20.7273 -0.970661
20.6884 -0.388966
20.6122 -0.762623
20.4985 -1.13627
20.4431 -0.55416
20.3504 -0.927813
20.3158 -0.345305
20.2439 -0.718963
20.1347 -1.09261
20.0837 -0.509688
19.9954 -0.883342
19.9654 -0.30002
19.898 -0.673678
19.7933 -1.04733
19.7469 -0.46359
19.6632 -0.837246
19.5421 -1.21089
19.4794 -0.626735
19.3794 -1.00039
19.3378 -0.415832
19.2588 -0.789488
19.1425 -1.16313
19.0847 -0.578163
18.9895 -0.951816
18.9529 -0.366444
18.8789 -0.740102
18.7675 -1.11375
18.7147 -0.52796
18.6245 -0.901614
18.593 -0.315423
18.5241 -0.689082
18.4178 -1.06273
18.3702 -0.476123
18.2852 -0.849778
18.259 -0.262767
18.1953 -0.636426
18.0943 -1.01008
18.052 -0.422648
17.9724 -0.796305
17.8554 -1.16995
17.7972 -0.582101
17.7016 -0.955755
17.6649 -0.367503
17.5908 -0.741161
17.4793 -1.11481
17.4267 -0.526137
17.3367 -0.899791
17.3056 -0.310716
17.2372 -0.684375
17.1314 -1.05802
17.0845 -0.468529
17.0003 -0.842185
16.9751 -0.252284
16.9125 -0.625944
16.8125 -0.999596
16.7716 -0.409274
16.6933 -0.782931
16.5776 -1.15658
16.5211 -0.565834
16.4271 -0.939488
16.3923 -0.34834
16.3201 -0.721998
16.2105 -1.09565
16.1601 -0.504076
16.0723 -0.877732
16.0438 -0.285755
15.9778 -0.659414
15.8745 -1.03307
15.8304 -0.440666
15.749 -0.814323
15.7269 -0.221516
15.6673 -0.595176
15.5705 -0.968829
15.5329 -0.375599
15.458 -0.749257
15.3457 -1.12291
15.2928 -0.529251
15.2025 -0.902906
15.1716 -0.308845
15.1033 -0.682504
14.9977 -1.05615
14.9515 -0.461668
14.868 -0.835325
14.844 -0.24043
14.7826 -0.61409
14.6838 -0.987743
14.6445 -0.392423
14.5679 -0.766081
14.5212 -0.466874
14.4372 -0.84053
14.4127 -0.244507
14.3509 -0.618167
14.2517 -0.99182
14.2122 -0.39537
14.1353 -0.769028
14.1181 -0.172168
14.0635 -0.545829
13.9716 -0.919483
13.9393 -0.322197
13.8698 -0.695856
13.7628 -1.06951
13.7156 -0.471792
13.6311 -0.845449
13.6063 -0.247324
13.5442 -0.620984
13.4448 -0.994637
13.4052 -0.396084
13.3282 -0.769742
13.3111 -0.170777
13.2567 -0.544438
13.1649 -0.918093
13.133 -0.3187
13.0638 -0.692359
12.9572 -1.06601
12.9105 -0.466187
12.8266 -0.839844
12.8026 -0.239609
12.7413 -0.61327
12.6426 -0.986923
12.604 -0.386258
12.528 -0.759916
12.5121 -0.158837
12.4588 -0.532499
12.3682 -0.906154
12.3378 -0.304645
12.2699 -0.678305
12.1647 -1.05196
12.1197 -0.450017
12.0374 -0.823674
12.0152 -0.22132
11.9557 -0.594981
11.8589 -0.968635
11.8223 -0.365849
11.7483 -0.739508
11.7347 -0.136306
11.6837 -0.509968
11.5953 -0.883624
11.5673 -0.279991
11.502 -0.653652
11.3992 -1.0273
11.3569 -0.423238
11.2772 -0.796896
11.258 -0.192414
11.2014 -0.566075
11.1074 -0.93973
11.0739 -0.334815
11.0031 -0.708475
10.9928 -0.103141
10.9451 -0.476804
10.86 -0.850461
10.8356 -0.244694
10.7737 -0.618355
10.6745 -0.992009
10.6359 -0.385809
10.56 -0.759468
10.5447 -0.152848
10.4921 -0.52651
10.4021 -0.900166
10.3727 -0.293113
10.3061 -0.666773
10.202 -1.04043
10.1587 -0.432936
10.0781 -0.806595
10.0582 -0.198686
10.001 -0.572348
9.90636 -0.946003
9.8726 -0.337659
9.80146 -0.711319
9.79121 -0.102553
9.74359 -0.476216
9.6586 -0.849873
9.63453 -0.240672
9.5731 -0.614334
9.4743 -0.987988
9.43647 -0.37835
9.36126 -0.752009
9.34707 -0.141949
9.29551 -0.515612
9.20658 -0.889268
9.1787 -0.278771
9.11346 -0.652432
9.01085 -1.02609
8.96934 -0.41515
8.89046 -0.788809
8.87271 -0.177451
8.8176 -0.551114
8.72512 -0.924769
8.69383 -0.312973
8.62516 -0.686634
8.61772 -0.0744139
8.57291 -0.448077
8.49074 -0.821735
8.46983 -0.209076
8.41156 -0.582738
8.31592 -0.956393
8.28159 -0.343295
8.20989 -0.716955
8.19955 -0.103432
8.15184 -0.477094
8.06677 -0.850752
8.04309 -0.236789
7.98204 -0.610451
7.88363 -0.984105
7.84666 -0.369701
7.77233 -0.743361
7.75947 -0.128531
7.70925 -0.502194
7.62167 -0.875851
7.59561 -0.26058
7.53219 -0.634241
7.45817 -0.740133
7.44574 -0.124313
7.39594 -0.497975
7.30878 -0.871633
7.28324 -0.255371
7.22034 -0.629032
7.15004 -0.703014
7.14142 -0.0861883
7.09544 -0.459851
7.01208 -0.83351
6.99046 -0.216242
6.93147 -0.589904
6.83511 -0.963559
6.80053 -0.345847
6.72858 -0.719508
6.71844 -0.101367
6.67094 -0.47503
6.58607 -0.848688
6.56306 -0.230104
6.50268 -0.603766
6.40494 -0.977421
6.3691 -0.358392
6.2959 -0.732052
6.28464 -0.112593
6.23601 -0.486257
6.15002 -0.859914
6.12602 -0.240011
6.06465 -0.613673
6.03914 -0.2551
5.97627 -0.628762
5.97546 -0.00810145
5.93728 -0.381765
5.86174 -0.755425
5.8483 -0.134319
5.79751 -0.507982
5.70934 -0.88164
5.68333 -0.260087
5.61996 -0.633749
5.61878 -0.0117634
5.58024 -0.385427
5.50433 -0.759087
5.49067 -0.136655
5.43963 -0.510318
5.35124 -0.883976
5.32513 -0.261096
5.26165 -0.634758
5.26051 -0.0114443
5.222 -0.385108
5.14612 -0.758768
5.13262 -0.135007
5.08175 -0.50867
4.99352 -0.882328
4.96771 -0.258117
4.90453 -0.63178
4.90382 -0.00713422
4.86574 -0.380798
4.79029 -0.754458
4.77735 -0.129364
4.72705 -0.503028
4.63938 -0.876685
4.61427 -0.251141
4.55179 -0.624804
4.5519 0.00117677
4.51466 -0.372487
4.44004 -0.746148
4.42807 -0.119717
4.37873 -0.493381
4.29203 -0.867039
4.26801 -0.240158
4.20663 -0.61382
4.20798 0.0134988
4.17196 -0.360165
4.09858 -0.733826
4.08798 -0.106056
4.04 -0.47972
3.95467 -0.853378
3.93215 -0.225156
3.87227 -0.598819
3.87525 0.029842
3.84087 -0.343822
3.76912 -0.717483
3.76028 -0.0883702
3.71408 -0.462034
3.63051 -0.835693
3.6099 -0.206127
3.55192 -0.57979
3.55694 0.0502166
3.5246 -0.323448
3.45489 -0.697109
3.44822 -0.0666495
3.40419 -0.440314
3.32279 -0.813973
3.30449 -0.183059
3.24881 -0.556723
3.17902 -0.697904
3.17238 -0.0664402
3.12837 -0.440104
3.04699 -0.813764
3.02881 -0.181845
2.97326 -0.555508
2.93372 -0.395377
2.85682 -0.769038
2.84317 -0.13643
2.79216 -0.510093
2.70379 -0.883751
2.67872 -0.250687
2.61629 -0.62435
2.6172 0.00915759
2.58075 -0.364507
2.50693 -0.738168
2.49651 -0.104204
2.44873 -0.477868
2.36357 -0.851527
2.34186 -0.217106
2.28279 -0.590769
2.2872 0.0440961
2.25424 -0.329568
2.18392 -0.70323
2.17713 -0.0679073
2.13297 -0.441572
2.05144 -0.815231
2.0335 -0.17945
1.97819 -0.553114
1.9865 0.0831133
1.95744 -0.290551
1.89102 -0.664214
1.88827 -0.0275282
1.84815 -0.401193
1.77067 -0.774853
1.75689 -0.137708
1.70576 -0.511372
1.61725 -0.885031
1.59251 -0.247425
1.5304 -0.621088
1.5321 0.0169633
1.49643 -0.356701
1.42339 -0.730363
1.41421 -0.0918505
1.36766 -0.465515
1.28374 -0.839174
1.26372 -0.200201
1.20633 -0.573864
1.21289 0.0655574
1.18208 -0.308107
1.1139 -0.68177
1.10971 -0.0418864
1.06816 -0.415551
0.989236 -0.789211
0.974349 -0.148866
0.922096 -0.52253
0.91799 -0.0410622
0.876517 -0.414727
0.797679 -0.788387
0.782959 -0.147196
0.730873 -0.52086
0.741368 0.10495
0.714496 -0.268715
0.650259 -0.642378
0.650231 -0.000279387
0.612836 -0.373944
0.538076 -0.747605
0.527572 -0.105043
